name x y flux0 flux1 flux2 width rv
F07680  36.087 -15.053 1.73e-16 1.64e-16 7.77e-17 43.18 -346.78
F07700  36.434 -15.049 1.79e-16 1.27e-16 6.01e-17 35.06 -346.77
F07670  36.476 -15.118 1.50e-16 1.35e-16 8.14e-17 37.73 -346.82
F07656  36.567 -15.848 1.75e-16 1.41e-16 9.67e-17 40.28 -346.60
F07693  36.693 -15.326 1.06e-16 1.11e-16 7.01e-17 30.43 -346.92
F07652  37.061 -15.106 1.51e-16 8.77e-17 4.90e-17 28.03 -346.79
F07698  37.076 -15.329 2.08e-16 1.37e-16 1.12e-16 37.99 -346.89
F07685  38.087 -16.206 1.51e-16 8.96e-17 8.94e-17 57.05 -346.45
F07686  38.663 -16.071 1.50e-16 1.13e-16 6.92e-17 30.45 -346.40
F06132  41.482 -28.283 5.21e-17 4.26e-17 3.76e-17 17.13 -551.88
F06116  41.694 -28.189 5.32e-17 3.60e-17 2.78e-17 18.20 -551.84
F06109  41.742 -28.033 5.73e-17 3.01e-17 2.26e-17 15.79 -551.98
F06141  41.746 -28.061 5.74e-17 3.79e-17 2.17e-17 19.49 -551.74
F06106  41.754 -28.226 5.11e-17 4.83e-17 3.72e-17 14.22 -551.86
F06113  41.776 -28.119 7.10e-17 3.94e-17 2.59e-17 24.35 -552.17
F06128  41.809 -28.044 8.57e-17 4.20e-17 3.25e-17 20.01 -551.93
F06130  41.822 -27.955 5.89e-17 4.35e-17 2.29e-17 20.39 -551.81
F06103  41.839 -28.013 4.99e-17 3.37e-17 2.61e-17 20.03 -552.02
F06140  41.871 -28.126 6.46e-17 3.73e-17 2.33e-17 29.16 -551.96
F06110  41.881 -27.961 5.08e-17 4.29e-17 3.17e-17 13.55 -552.09
F06119  41.886 -28.400 4.08e-17 2.89e-17 1.95e-17 35.39 -551.93
F06118  41.901 -28.344 7.38e-17 4.21e-17 3.18e-17 22.51 -551.76
F06138  41.905 -28.085 7.22e-17 3.13e-17 3.51e-17 15.32 -551.94
F06134  41.917 -28.140 4.28e-17 4.28e-17 3.02e-17 10.65 -551.89
F06144  41.923 -28.242 6.12e-17 5.12e-17 3.14e-17 24.83 -551.65
F06112  41.925 -28.168 5.05e-17 4.41e-17 2.65e-17 14.93 -552.07
F06105  41.927 -28.417 6.38e-17 3.70e-17 2.82e-17 17.80 -551.95
F06146  41.940 -28.053 6.48e-17 6.12e-17 3.47e-17 22.39 -551.69
F06120  41.942 -28.185 6.80e-17 4.88e-17 5.09e-17 20.50 -551.96
F06137  41.943 -27.983 5.46e-17 6.53e-17 3.65e-17 17.92 -551.95
F06126  41.946 -28.160 4.61e-17 3.08e-17 3.52e-17 35.45 -551.93
F06117  41.946 -28.170 5.25e-17 3.42e-17 3.68e-17 22.78 -551.91
F06115  41.949 -28.283 5.23e-17 4.44e-17 2.19e-17 21.39 -551.92
F06139  41.952 -28.275 4.04e-17 2.72e-17 1.83e-17 19.94 -551.96
F06114  41.954 -28.147 7.51e-17 4.00e-17 2.80e-17 34.19 -551.95
F06125  41.957 -28.161 6.11e-17 4.92e-17 2.87e-17 20.72 -551.84
F06123  41.957 -28.409 8.06e-17 4.13e-17 3.71e-17 22.70 -551.97
F06107  41.977 -28.187 5.02e-17 3.84e-17 2.55e-17 19.41 -551.80
F06131  41.983 -28.772 7.77e-17 5.11e-17 2.73e-17 13.32 -551.95
F06127  41.991 -27.953 4.58e-17 4.03e-17 2.03e-17 22.53 -551.79
F06145  41.994 -28.337 6.68e-17 4.20e-17 2.06e-17 23.51 -551.79
F06111  41.998 -28.139 5.87e-17 5.45e-17 3.31e-17 19.69 -551.84
F06122  42.004 -28.250 8.47e-17 2.94e-17 2.73e-17 20.31 -551.86
F06108  42.027 -28.501 4.96e-17 3.56e-17 2.24e-17 12.04 -551.90
F06121  42.036 -28.023 4.43e-17 3.03e-17 2.26e-17 23.34 -551.94
F06142  42.048 -27.696 7.28e-17 3.65e-17 2.80e-17 20.01 -551.86
F06143  42.113 -27.984 5.22e-17 4.17e-17 2.50e-17 19.96 -551.90
F06124  42.123 -28.750 5.30e-17 5.17e-17 2.86e-17 21.40 -551.78
F06133  42.132 -28.104 7.63e-17 4.47e-17 3.36e-17 13.63 -552.02
F06129  42.153 -27.812 6.93e-17 4.89e-17 3.05e-17 24.99 -551.78
F06136  42.164 -28.077 6.78e-17 4.92e-17 3.46e-17 11.63 -551.93
F06135  42.213 -28.154 5.24e-17 3.65e-17 2.54e-17 14.44 -551.87
F06104  43.218 -28.171 6.40e-17 5.07e-17 2.67e-17 16.86 -551.90
