name x y flux1 flux2 flux3 par rv
P03452 -29.414 -43.935 3.94e-17 6.78e-17 9.73e-17   0.018   -0.58
P01942 -29.329 -42.275 4.66e-12 2.02e-12 1.05e-12   0.024   -0.53
P07706 -29.376 -43.587 1.14e-11 5.48e-12 2.41e-12   0.026   -0.65
P07425 -29.252 -33.016 1.65e-13 1.02e-13 5.68e-14   0.022   -0.87
P01479 -28.676 -40.524 7.50e-17 1.51e-16 2.21e-16   0.029   -0.42
P03461 -25.694 -42.757 6.07e-11 5.95e-11 6.03e-11   0.016   -0.45
P08200 -24.443 -44.083 1.68e-12 8.98e-13 3.99e-13   0.023   -0.97
P01875 -22.936 -40.269 1.49e-14 1.50e-14 1.21e-14   0.034   -0.52
P05945 -22.703 -34.066 3.09e-12 1.38e-12 5.78e-13   0.020   -0.97
P05712 -20.506 -42.863 7.15e-16 1.01e-15 6.27e-16   0.014   -0.25
P06134 -19.858 -43.683 5.11e-13 2.71e-13 1.11e-13   0.006    1.24
P09493 -18.673 -41.497 3.33e-14 2.47e-14 1.47e-14   0.019   -0.85
P04137 -18.002 -41.992 3.03e-13 2.03e-13 1.07e-13   0.023   -1.04
P09061 -17.317 -43.176 1.94e-12 1.38e-12 5.17e-13   0.015   -0.63
P07112 -16.939 -44.702 3.04e-16 4.26e-16 5.17e-16   0.029   -0.86
P01385 -16.542 -39.987 3.63e-16 3.82e-16 3.41e-16   0.006    1.65
P05735 -16.464 -44.281 9.07e-13 4.70e-13 2.21e-13   0.009    0.16
P00269 -16.167 -44.173 4.27e-15 3.13e-15 1.94e-15   0.006    0.99
P06567 -16.074 -40.800 5.63e-12 7.65e-12 8.37e-12   0.008    1.34
