name x y flux1 flux2 flux3 par rv
P08286 -19.797 -16.213 8.88e-17 5.31e-17 3.09e-17   0.003    1.02
P04397 -19.628 -15.124 1.36e-15 6.90e-16 3.53e-16   0.002    2.28
P01728 -19.689 -17.695 3.69e-17 2.62e-17 1.69e-17  -0.001   -0.98
P10187 -19.555 -15.551 6.85e-17 4.78e-17 2.99e-17   0.001    2.02
P01624 -19.661 -16.619 2.89e-17 2.49e-17 1.68e-17   0.001    0.06
P00930 -19.610 -16.796 1.18e-15 7.23e-16 3.16e-16  -0.000   -0.35
P01599 -19.294 -15.224 1.03e-15 5.80e-16 2.89e-16   0.001    2.15
P00703 -19.345 -15.816 2.58e-15 1.50e-15 7.07e-16   0.002    1.56
P00925 -19.286 -15.551 6.48e-14 3.39e-14 1.40e-14   0.002    2.00
P09344 -19.246 -16.225 3.96e-16 2.31e-16 1.19e-16   0.000    0.11
P05322 -19.321 -15.819 1.53e-16 1.09e-16 5.36e-17   0.001    1.62
P08661 -19.217 -16.116 1.46e-16 1.02e-16 4.81e-17   0.000    0.61
P01884 -19.151 -16.225 4.04e-16 2.56e-16 1.24e-16  -0.000    0.25
P10217 -19.226 -16.921 7.62e-15 3.20e-15 1.21e-15  -0.001   -1.04
P05541 -19.291 -15.426 3.18e-16 1.71e-16 9.67e-17   0.001    1.92
P06622 -19.077 -15.949 3.86e-16 2.34e-16 1.29e-16   0.000    0.99
P09492 -18.969 -15.509 7.34e-17 5.08e-17 2.66e-17   0.001    1.53
P10289 -18.947 -15.887 2.22e-17 1.64e-17 1.13e-17   0.000    1.34
P04115 -19.159 -15.832 4.03e-17 2.86e-17 2.01e-17  -0.001    1.40
P03222 -19.063 -17.898 2.26e-16 1.46e-16 7.11e-17  -0.001   -1.60
P06897 -19.118 -16.111 4.71e-16 2.74e-16 1.42e-16   0.002   -0.04
P10298 -19.091 -16.222 3.22e-16 1.88e-16 9.56e-17   0.001    0.28
P08966 -19.004 -16.527 9.30e-16 4.58e-16 1.91e-16   0.001   -1.06
P01865 -19.031 -16.062 1.24e-17 1.18e-17 7.17e-18   0.001    0.85
P08863 -19.078 -16.066 3.86e-16 2.11e-16 1.24e-16   0.001   -0.03
P02637 -19.077 -16.146 1.72e-15 1.02e-15 4.11e-16   0.000    0.02
P01492 -18.944 -15.447 2.36e-16 1.51e-16 7.11e-17   0.000    1.41
P07199 -18.985 -15.885 1.04e-15 5.01e-16 2.42e-16   0.001    1.22
P05389 -19.129 -15.688 8.28e-17 5.46e-17 3.07e-17  -0.000    1.31
P05709 -18.936 -16.522 4.01e-16 2.05e-16 1.20e-16   0.002   -1.26
P04098 -19.027 -16.593 3.26e-16 1.98e-16 1.05e-16  -0.000   -1.68
P02580 -19.083 -15.704 8.75e-16 5.96e-16 2.68e-16  -0.000    1.37
P08478 -18.997 -15.670 2.10e-15 1.22e-15 5.10e-16   0.001    1.12
P05524 -19.093 -15.969 1.57e-17 1.29e-17 9.23e-18   0.002    0.76
P07314 -18.993 -15.933 1.89e-17 1.67e-17 1.12e-17   0.000   -0.23
P05646 -18.869 -16.099 4.85e-16 2.64e-16 1.43e-16  -0.001    0.13
P08335 -18.851 -16.013 9.55e-16 5.16e-16 2.78e-16   0.001    0.34
P03504 -18.859 -16.049 6.28e-16 3.70e-16 1.88e-16   0.000    0.25
P02363 -18.868 -15.987 1.09e-15 6.57e-16 2.83e-16   0.000    0.45
P07372 -18.964 -15.896 2.57e-16 1.32e-16 7.42e-17   0.001    0.80
P01614 -18.909 -15.998 3.28e-17 2.42e-17 1.41e-17   0.001    0.09
P08213 -19.045 -15.837 1.99e-15 1.01e-15 4.78e-16   0.001    0.41
P03659 -18.814 -16.111 5.16e-16 2.79e-16 1.48e-16   0.001   -0.52
P01821 -18.913 -15.977 2.78e-17 2.75e-17 1.52e-17   0.002   -0.30
P03881 -18.917 -16.018 7.79e-17 5.70e-17 3.31e-17   0.001    0.17
P06461 -18.836 -16.227 2.63e-16 1.81e-16 8.40e-17   0.000   -1.33
P09814 -18.813 -16.073 7.21e-14 7.51e-14 6.81e-14   0.001    0.10
P09448 -18.855 -16.019 5.86e-16 3.81e-16 1.50e-16   0.001    0.00
P07146 -18.691 -15.962 6.13e-16 3.09e-16 1.66e-16   0.000    0.05
P08178 -18.860 -15.828 6.93e-17 5.00e-17 2.99e-17   0.002    0.31
P09118 -18.798 -16.020 1.66e-15 7.92e-16 4.08e-16  -0.000   -1.00
P09549 -18.911 -16.019 4.26e-15 2.31e-15 1.04e-15  -0.000   -0.21
P06310 -18.764 -16.203 5.95e-17 4.16e-17 2.41e-17   0.001   -0.91
P08387 -18.856 -15.908 1.57e-17 1.14e-17 8.02e-18  -0.001    0.17
P06350 -18.749 -16.383 1.24e-13 1.01e-13 6.21e-14   0.000   -1.19
P07321 -18.799 -16.515 9.45e-14 5.93e-14 3.79e-14   0.002   -1.78
P03049 -18.773 -16.009 5.57e-14 3.16e-14 1.54e-14   0.001    0.15
P06187 -18.874 -16.073 1.70e-15 9.06e-16 4.39e-16   0.002   -0.99
P04051 -18.837 -15.942 4.21e-15 1.81e-15 9.07e-16   0.001   -0.78
P08308 -18.719 -16.026 5.04e-14 2.56e-14 1.04e-14  -0.000   -0.60
P01334 -18.678 -15.892 8.40e-16 4.95e-16 2.79e-16  -0.001   -0.18
P00510 -18.765 -16.136 6.19e-16 3.35e-16 1.69e-16   0.001   -0.87
P05753 -18.748 -16.045 2.98e-15 1.61e-15 6.64e-16  -0.000   -0.94
P03887 -18.825 -15.886 1.64e-17 1.29e-17 8.63e-18   0.001    0.24
P09498 -18.703 -17.440 1.01e-13 6.06e-14 3.17e-14   0.001   -2.01
P07563 -18.635 -15.996 2.49e-16 1.37e-16 8.54e-17   0.001   -1.24
P03647 -18.737 -16.214 5.22e-14 3.21e-14 1.35e-14   0.002   -1.66
P10214 -18.699 -16.268 4.83e-16 2.80e-16 1.56e-16  -0.000   -1.59
P09073 -18.528 -15.840 1.61e-15 8.56e-16 4.10e-16  -0.000   -0.84
P00913 -18.745 -15.746 5.90e-15 3.17e-15 1.31e-15   0.000    0.44
P02078 -18.628 -16.175 1.03e-16 7.34e-17 3.75e-17  -0.002   -1.75
P03238 -18.868 -15.668 5.08e-16 3.45e-16 1.37e-16   0.001    0.13
P08354 -18.635 -16.593 8.20e-17 6.27e-17 2.81e-17   0.003   -2.08
P05258 -18.636 -15.262 3.36e-16 1.97e-16 9.66e-17  -0.000    0.50
P05990 -18.672 -17.076 3.35e-16 1.82e-16 9.83e-17  -0.001   -2.17
P03418 -18.525 -15.777 9.74e-16 5.76e-16 2.89e-16   0.001   -0.35
P03434 -18.501 -15.650 1.19e-16 8.54e-17 4.48e-17   0.001   -0.07
P04502 -18.426 -17.250 1.34e-15 6.41e-16 3.04e-16   0.002   -2.24
P03903 -18.447 -15.967 1.40e-15 7.86e-16 3.22e-16   0.001   -1.23
P07059 -18.544 -16.248 4.88e-14 7.40e-14 7.48e-14   0.000   -1.75
P06597 -18.416 -16.077 1.12e-13 7.21e-14 3.93e-14  -0.001   -0.94
P01431 -18.456 -15.573 9.18e-14 6.76e-14 3.16e-14  -0.000    0.60
P07037 -18.590 -15.863 4.10e-16 2.13e-16 1.25e-16   0.001   -1.07
P02795 -18.486 -16.466 9.74e-17 6.59e-17 3.75e-17   0.001   -2.30
P00193 -18.603 -16.763 5.62e-14 3.32e-14 1.47e-14   0.002   -2.35
P07514 -18.583 -16.894 1.74e-16 1.14e-16 5.95e-17  -0.001   -2.35
P01156 -18.449 -16.341 3.01e-16 1.55e-16 8.71e-17  -0.001   -2.09
P02829 -18.457 -15.987 1.73e-15 6.69e-16 3.67e-16   0.001   -0.97
P04083 -18.339 -16.369 5.14e-15 2.75e-15 1.04e-15  -0.000   -2.12
P09189 -18.437 -15.363 3.55e-15 1.60e-15 7.32e-16  -0.001    0.14
P01093 -18.305 -15.478 1.14e-13 7.78e-14 4.60e-14  -0.000   -0.12
P08133 -18.318 -16.136 2.07e-14 4.11e-14 4.94e-14   0.000   -1.68
P06094 -18.179 -15.438 5.83e-17 4.31e-17 2.24e-17   0.000   -0.33
P01896 -18.114 -16.011 4.35e-17 3.09e-17 1.73e-17   0.001   -1.81
P05858 -18.209 -15.933 3.44e-16 2.25e-16 1.05e-16  -0.000   -1.49
P01352 -18.280 -16.155 1.65e-17 1.37e-17 8.78e-18   0.001   -1.82
P01107 -18.187 -17.687 1.76e-15 1.04e-15 5.00e-16   0.000   -2.69
P07624 -18.278 -16.481 6.76e-14 3.44e-14 1.51e-14   0.002   -2.50
P06089 -18.130 -16.156 3.57e-16 2.37e-16 1.20e-16  -0.001   -2.30
P04837 -18.106 -16.884 4.59e-17 3.67e-17 2.42e-17  -0.000   -2.80
P08588 -18.080 -16.326 1.08e-13 9.37e-14 5.08e-14   0.001   -1.97
P00366 -18.005 -15.902 6.26e-17 4.66e-17 2.77e-17   0.001   -1.34
P00176 -17.997 -16.554 1.52e-17 1.30e-17 7.22e-18  -0.000   -2.63
P07412 -17.943 -16.325 7.69e-16 4.26e-16 1.80e-16   0.002   -2.33
P04402 -17.662 -16.820 4.64e-17 2.80e-17 2.17e-17   0.001   -2.95
P00572 -17.378 -15.197 1.55e-16 1.11e-16 6.03e-17  -0.000   -0.93
P01505 -17.287 -17.305 3.43e-15 1.87e-15 8.22e-16   0.002   -2.99
