name x y flux1 flux2 flux3 par rv
P02002  30.020 -31.852 4.65e-17 4.05e-17 1.96e-17  -0.000    1.34
P04699  30.023 -32.534 8.33e-14 4.44e-14 2.76e-14   0.002    2.40
P08506  30.031 -32.170 1.57e-17 1.32e-17 8.30e-18   0.001    1.99
P08320  30.129 -32.257 2.53e-15 9.51e-15 2.49e-14  -0.001    2.08
P07438  30.226 -32.543 2.05e-15 9.66e-16 5.58e-16  -0.001    2.22
P00596  30.194 -32.004 1.22e-15 6.71e-16 3.25e-16   0.000    1.94
P08327  30.121 -32.187 9.73e-16 4.33e-16 2.33e-16  -0.001    2.00
P08713  30.234 -32.346 2.00e-15 1.10e-15 5.17e-16  -0.000    1.99
P05931  30.045 -32.259 5.06e-14 2.67e-14 1.49e-14  -0.001    1.46
P08378  30.245 -32.463 5.99e-17 4.32e-17 2.39e-17   0.002    2.10
P00430  30.260 -31.976 1.71e-15 1.08e-15 5.58e-16   0.001    1.22
P01211  30.220 -31.307 4.49e-14 2.31e-14 1.11e-14   0.002    0.67
P02921  30.304 -32.331 1.18e-14 2.55e-14 4.82e-14  -0.000    1.73
P01208  30.208 -32.193 2.96e-16 1.87e-16 1.03e-16   0.001    1.22
P01508  30.175 -32.144 1.67e-16 9.83e-17 5.69e-17   0.002    1.29
P00431  30.183 -32.250 8.27e-17 5.91e-17 3.08e-17   0.001    1.37
P03309  30.217 -32.270 7.95e-16 4.48e-16 2.20e-16   0.000    1.36
P08991  30.294 -33.043 2.17e-15 1.33e-15 4.48e-16   0.002    1.87
P07114  30.246 -32.256 2.75e-17 2.37e-17 1.42e-17   0.000    0.97
P09951  30.348 -32.225 2.98e-16 2.15e-16 1.14e-16   0.002    1.08
P06548  30.281 -32.995 1.73e-16 1.03e-16 5.15e-17  -0.001    1.79
P06704  30.249 -32.344 2.67e-16 2.11e-16 9.54e-17   0.000    1.60
P02978  30.296 -32.165 7.20e-14 4.60e-14 1.98e-14   0.000    1.23
P07797  30.348 -32.198 8.90e-16 4.40e-16 2.45e-16   0.001    1.42
P01193  30.303 -33.228 1.05e-15 7.55e-16 2.59e-16   0.000    1.80
P05451  30.271 -32.099 7.54e-14 3.86e-14 2.06e-14  -0.001    0.78
P01912  30.274 -32.253 1.09e-13 7.74e-14 5.10e-14   0.000    0.73
P02268  30.320 -31.887 1.11e-13 6.68e-14 3.57e-14   0.003    0.69
P01762  30.453 -33.602 2.79e-15 1.43e-15 5.43e-16  -0.000    1.86
P02718  30.451 -31.692 1.95e-17 1.41e-17 8.99e-18  -0.000    0.55
P04691  30.355 -32.004 7.01e-16 4.11e-15 1.35e-14   0.001    0.65
P00755  30.251 -32.279 2.47e-15 1.36e-15 4.72e-16  -0.000    0.98
P00880  30.271 -32.115 1.60e-15 9.19e-16 4.31e-16  -0.001    0.46
P05867  30.151 -32.155 6.54e-17 4.54e-17 2.67e-17   0.002    0.27
P04616  30.369 -32.451 3.32e-17 3.12e-17 1.50e-17  -0.001    1.09
P05953  30.364 -30.671 2.21e-16 1.43e-16 6.35e-17   0.001    0.28
P08530  30.406 -31.826 1.34e-17 9.34e-18 7.03e-18   0.000    0.26
P02746  30.594 -32.576 4.90e-14 3.05e-14 1.12e-14   0.002    1.06
P01871  30.367 -31.943 2.60e-17 1.94e-17 1.37e-17   0.000    0.00
P01192  30.539 -32.961 2.70e-16 1.55e-16 8.69e-17  -0.000    1.42
P04849  30.523 -31.931 5.00e-15 2.42e-15 1.05e-15   0.001    0.11
P05060  30.551 -32.299 7.34e-16 4.74e-16 2.00e-16  -0.000    0.26
P02734  30.548 -31.199 4.59e-16 2.63e-16 1.31e-16   0.000    0.05
P07257  30.572 -33.101 1.62e-16 1.28e-16 6.41e-17  -0.000    1.35
P00957  30.421 -32.129 1.16e-17 8.59e-18 5.92e-18  -0.000   -0.13
P01423  30.757 -32.330 8.39e-14 4.44e-14 2.42e-14   0.001    0.21
P04659  30.524 -33.824 5.71e-14 2.66e-14 1.18e-14  -0.000    1.61
P02503  30.649 -32.248 1.15e-15 7.29e-16 3.04e-16   0.002   -0.23
P06238  30.552 -32.245 1.72e-15 9.62e-16 4.09e-16   0.001   -0.21
P03821  30.504 -32.665 6.72e-14 3.63e-14 1.82e-14   0.002    0.64
P00638  30.648 -32.590 2.56e-17 2.34e-17 1.44e-17   0.002    0.38
P03649  30.609 -32.403 3.07e-15 1.50e-15 7.10e-16   0.002   -0.01
P07579  30.590 -32.420 2.82e-16 1.71e-16 9.02e-17   0.002    0.17
P02590  30.841 -32.309 8.51e-14 5.95e-14 2.27e-14   0.001    0.07
P06240  30.774 -32.776 8.59e-14 6.11e-14 3.56e-14   0.001    0.76
P09178  30.753 -31.680 2.14e-15 1.11e-15 4.19e-16   0.003   -0.44
P07745  30.818 -30.989 2.38e-17 2.01e-17 1.36e-17  -0.000   -0.18
P04477  30.848 -33.121 8.00e-17 4.61e-17 2.58e-17   0.001    1.08
P00439  30.722 -31.400 8.15e-16 4.00e-15 1.36e-14   0.000   -0.23
P07382  30.845 -32.184 1.87e-15 1.05e-15 3.98e-16   0.001   -0.56
P08549  30.875 -31.643 1.78e-16 1.18e-16 5.67e-17   0.000   -0.42
P01890  30.981 -31.411 5.48e-17 4.18e-17 2.58e-17   0.000   -0.34
P10398  30.847 -32.077 3.20e-15 1.31e-15 6.81e-16   0.001   -0.63
P03661  31.014 -33.153 1.78e-15 8.06e-16 3.83e-16  -0.000    0.83
P01499  31.163 -31.971 1.05e-16 7.18e-17 4.14e-17   0.002   -0.77
P10145  31.350 -32.487 1.41e-16 8.81e-17 4.64e-17   0.001   -0.53
P06550  31.311 -32.664 2.42e-15 1.31e-15 5.07e-16   0.001   -0.24
P02129  31.316 -31.401 7.19e-14 4.03e-14 1.94e-14   0.001   -0.79
P01939  31.523 -32.727 1.08e-15 5.81e-16 2.85e-16  -0.000   -0.46
P08578  31.652 -31.999 6.20e-17 4.34e-17 2.11e-17   0.001   -1.02
P04228  32.093 -32.827 2.08e-17 1.50e-17 1.25e-17   0.000   -0.62
P04670  32.099 -32.790 3.01e-17 2.24e-17 1.65e-17   0.000   -0.59
P04833  32.859 -31.363 9.70e-17 6.58e-17 3.92e-17   0.001   -1.19
