name x y flux1 flux2 flux3 par rv
P07078   0.183 -17.308 1.62e-17 1.44e-17 1.19e-17   0.001    1.95
P05652   0.493 -18.234 1.58e-14 7.58e-15 3.35e-15   0.002    1.63
P05072   1.066 -15.210 9.73e-17 7.26e-17 5.51e-17   0.001    1.98
P03599   1.110 -15.869 4.50e-16 3.03e-16 1.76e-16   0.002    2.15
P00055   1.087 -16.165 8.37e-17 6.15e-17 3.26e-17   0.001    1.96
P04010   0.977 -15.304 5.64e-17 3.98e-17 2.55e-17   0.002    1.88
P05406   1.169 -17.075 2.46e-13 1.33e-13 5.71e-14  -0.000    1.53
P03511   1.260 -16.659 6.31e-16 4.84e-16 2.04e-16  -0.000    1.42
P02194   1.487 -15.902 1.04e-14 5.24e-15 2.32e-15   0.000    1.74
P05875   1.223 -15.881 8.40e-16 5.80e-16 3.32e-16   0.002    1.63
P01172   1.428 -15.601 1.23e-14 5.73e-15 2.59e-15   0.001    1.72
P07298   1.459 -16.997 6.03e-15 3.25e-15 1.60e-15   0.000    1.35
P09522   1.378 -16.620 2.85e-16 1.86e-16 1.26e-16   0.002    1.36
P08574   1.438 -15.758 2.73e-15 1.67e-15 7.35e-16   0.002    1.62
P00267   1.445 -16.421 1.06e-16 6.50e-17 5.35e-17   0.001    1.36
P07170   1.503 -16.131 7.44e-16 4.82e-16 3.19e-16   0.000    1.43
P06869   1.677 -16.198 2.59e-15 1.44e-15 8.84e-16   0.001    1.22
P01164   1.478 -19.072 1.40e-13 7.93e-14 3.76e-14  -0.000    1.17
P06951   1.553 -16.130 1.95e-16 1.31e-16 8.16e-17   0.000    1.03
P02287   1.623 -16.591 1.76e-15 8.81e-16 4.30e-16   0.002    1.01
P06581   1.690 -16.460 1.65e-17 1.61e-17 1.26e-17   0.003    1.03
P07313   1.730 -15.712 3.80e-15 2.30e-15 9.50e-16   0.000    1.14
P03671   1.883 -16.338 3.89e-13 3.20e-13 2.21e-13   0.002    0.92
P09447   1.821 -16.230 7.66e-16 4.53e-16 2.29e-16   0.001    0.67
P09176   2.095 -16.381 1.03e-17 9.22e-18 7.08e-18   0.002    0.80
P05104   1.956 -15.595 9.52e-16 6.06e-16 3.25e-16   0.001    1.00
P10232   1.888 -16.911 7.99e-16 5.66e-16 3.10e-16  -0.001    0.90
P01747   2.132 -16.642 4.62e-17 4.21e-17 2.82e-17   0.000    0.62
P10268   2.119 -15.232 5.48e-15 2.65e-15 1.36e-15   0.001    0.94
P03799   2.128 -17.107 1.06e-14 6.29e-15 2.84e-15   0.000    0.76
P00103   2.230 -17.399 7.26e-15 4.28e-15 1.79e-15   0.001    0.72
P07203   2.632 -16.788 2.41e-15 1.43e-15 6.61e-16   0.001    0.49
P02222   4.134 -18.553 2.04e-13 1.10e-13 5.02e-14   0.002    0.41
P05668   5.466 -19.531 6.30e-16 3.14e-16 2.29e-16   0.001    0.37
P03272   5.913 -17.300 9.51e-17 6.01e-17 4.69e-17   0.001    0.17
P10406  10.742 -16.231 1.03e-16 6.55e-17 4.50e-17   0.002    0.35
