name x y flux0 flux1 flux2 width rv
F11942  15.935 -13.218 5.43e-17 5.27e-17 3.19e-17 22.46 -537.87
F11949  16.002 -13.322 6.43e-17 3.81e-17 3.09e-17 13.20 -537.94
F11948  16.003 -13.784 5.05e-17 5.35e-17 2.42e-17 13.30 -537.94
F11958  16.119 -13.735 8.18e-17 5.95e-17 2.62e-17 14.35 -537.79
F11955  16.240 -13.325 6.31e-17 4.42e-17 2.52e-17 25.83 -537.65
F11947  16.251 -13.729 7.33e-17 4.47e-17 2.80e-17 22.81 -537.97
F11952  16.255 -13.534 4.48e-17 3.86e-17 2.57e-17 28.16 -537.80
F11946  16.262 -13.457 8.04e-17 6.38e-17 4.26e-17 15.63 -537.83
F11956  16.267 -13.442 6.74e-17 5.07e-17 2.48e-17 19.78 -537.90
F11943  16.272 -13.468 7.10e-17 4.12e-17 2.68e-17 12.33 -537.85
F11950  16.273 -13.484 6.96e-17 4.88e-17 3.35e-17 22.54 -537.71
F11954  16.285 -13.428 9.53e-17 6.00e-17 3.93e-17 15.35 -537.87
F11959  16.297 -13.140 5.79e-17 3.23e-17 1.90e-17 24.23 -538.00
F11957  16.306 -13.509 5.81e-17 3.75e-17 2.28e-17 21.86 -537.88
F11944  16.314 -13.476 9.32e-17 5.65e-17 3.52e-17 21.62 -537.83
F11945  16.414 -13.476 5.27e-17 3.75e-17 2.68e-17 18.16 -537.82
F11951  16.464 -14.036 5.77e-17 3.51e-17 3.02e-17 11.51 -537.60
F11953  16.510 -13.996 7.34e-17 6.92e-17 2.70e-17 32.83 -537.66
