name x y flux0 flux1 flux2 width rv
F00638 -24.891   3.272 3.21e-17 2.32e-17 1.52e-17 14.30 -789.45
F00654 -24.802   3.203 3.28e-17 2.20e-17 1.19e-17 18.00 -789.35
F00643 -24.707   3.174 2.44e-17 1.77e-17 1.22e-17 15.23 -789.67
F00645 -24.703   3.302 3.40e-17 2.06e-17 1.54e-17 15.37 -789.35
F00646 -24.670   3.034 2.69e-17 2.25e-17 1.54e-17 12.14 -789.34
F00634 -24.666   3.213 3.05e-17 2.44e-17 1.49e-17 13.73 -789.26
F00633 -24.656   3.215 4.01e-17 2.57e-17 1.48e-17 20.52 -789.29
F00637 -24.655   3.232 3.44e-17 2.31e-17 1.25e-17 14.34 -789.56
F00653 -24.649   3.183 3.12e-17 2.58e-17 1.55e-17 11.61 -789.43
F00651 -24.641   3.223 2.62e-17 2.14e-17 1.20e-17 14.16 -789.44
F00635 -24.640   3.320 2.57e-17 2.12e-17 1.18e-17 14.03 -789.24
F00640 -24.636   3.145 4.04e-17 2.61e-17 2.17e-17 15.92 -789.36
F00649 -24.616   3.090 1.92e-17 1.53e-17 9.53e-18 16.41 -789.43
F00647 -24.602   3.257 2.19e-17 1.54e-17 1.23e-17 15.42 -789.45
F00650 -24.581   3.111 4.15e-17 2.07e-17 1.59e-17 16.37 -789.41
F00648 -24.580   3.285 2.89e-17 1.96e-17 1.49e-17 14.54 -789.25
F00644 -24.546   3.277 2.79e-17 2.36e-17 1.50e-17 13.37 -789.37
F00636 -24.516   3.293 2.94e-17 2.02e-17 1.57e-17 20.29 -789.37
F00641 -24.497   3.676 2.30e-17 1.54e-17 1.36e-17 13.49 -789.45
F00642 -24.477   3.234 2.25e-17 1.48e-17 1.53e-17 11.37 -789.36
F00652 -24.461   3.312 2.68e-17 1.93e-17 1.34e-17 18.01 -789.48
F00639 -24.192   3.442 2.79e-17 2.16e-17 1.56e-17 15.99 -789.32
