name x y flux1 flux2 flux3 par rv
P04870 -28.007  32.419 3.00e-15 2.74e-15 2.14e-15   0.012   -0.42
P02428 -20.841  30.373 1.78e-17 2.20e-17 2.00e-17   0.001    1.06
P00751 -20.956  43.437 3.99e-11 2.14e-11 9.65e-12   0.015   -0.77
P00756 -20.775  32.145 9.28e-17 8.65e-17 6.83e-17   0.001    0.65
P02444 -19.130  32.016 2.10e-17 2.40e-17 2.12e-17   0.003    0.05
P01534 -19.043  31.431 2.67e-14 1.40e-14 6.71e-15   0.003    0.07
P00823 -18.842  30.159 2.98e-15 1.75e-15 9.32e-16  -0.000    0.42
P01570 -18.810  30.003 6.31e-15 3.44e-15 1.84e-15   0.001    0.46
P05927 -18.149  33.743 1.83e-17 2.23e-17 2.02e-17   0.002   -0.53
P02267 -17.729  31.114 4.82e-14 2.19e-14 1.08e-14   0.002   -0.53
P05425 -17.728  37.085 4.48e-14 2.28e-14 1.06e-14   0.004   -0.77
P03287 -16.740  31.600 1.09e-17 1.39e-17 1.35e-17   0.002   -1.24
P02931 -16.378  30.682 3.61e-16 2.78e-16 1.77e-16   0.002   -1.68
P00319 -16.242  30.743 8.20e-17 8.02e-17 6.26e-17   0.000   -1.60
