name x y flux1 flux2 flux3 par rv
P05174   0.585   0.163 5.69e-16 3.84e-16 1.74e-16   0.001    0.09
P09065   0.970   0.205 6.99e-14 1.01e-13 1.07e-13   0.002    0.99
P10064   1.091   0.235 2.84e-15 1.51e-15 6.72e-16  -0.000    1.86
P02578   1.268   0.185 9.81e-14 5.02e-14 2.45e-14   0.001    2.30
P04856   1.457   0.116 1.29e-15 7.11e-16 3.53e-16   0.001    2.08
P09834   1.374   0.120 6.71e-16 4.13e-16 1.87e-16   0.001    2.30
P09289   1.398   0.268 4.12e-15 2.20e-15 9.47e-16   0.002    2.61
P04943   1.440   0.175 9.52e-16 5.56e-16 2.78e-16   0.002    2.61
P10339   1.412   0.052 4.28e-15 2.01e-15 9.63e-16   0.001    2.42
P06204   1.550   0.209 4.28e-15 2.38e-15 9.60e-16   0.001    2.59
P04164   1.551   0.948 5.30e-17 4.24e-17 2.48e-17  -0.000    3.03
P07421   1.616   0.028 7.07e-17 5.44e-17 3.60e-17   0.002    2.64
P03196   1.751   0.019 1.84e-16 1.20e-16 6.68e-17   0.001    2.53
P05126   1.795   0.218 1.61e-16 1.06e-16 6.39e-17  -0.000    2.57
P03012   1.821   0.576 1.04e-16 7.71e-17 4.48e-17   0.000    3.12
P00611   2.004   2.166 1.07e-15 6.16e-16 3.44e-16   0.000    3.23
P00775   2.305   0.529 2.41e-15 1.27e-15 5.45e-16   0.002    2.65
P04958   2.357   0.594 1.05e-16 7.13e-17 4.29e-17   0.001    2.38
P05914   2.602   9.231 4.96e-17 8.12e-17 1.19e-16   0.014   -1.10
P06692   3.138   1.155 7.96e-17 5.55e-17 3.77e-17   0.000    2.62
P05596   7.722   6.704 5.26e-16 6.50e-16 6.03e-16   0.014   -0.88
P05231  10.286   9.060 1.71e-16 2.26e-16 2.90e-16   0.015   -0.80
P04168  12.545   7.559 1.26e-16 7.57e-17 4.32e-17  -0.000    0.07
P04931  12.795   6.822 1.89e-17 1.52e-17 1.01e-17   0.001   -0.26
P00760  13.505   5.947 9.98e-16 4.80e-16 2.25e-16   0.000   -0.75
P08972  13.723   6.140 1.67e-14 3.25e-14 4.79e-14   0.002   -0.88
P09652  13.816   6.588 5.70e-17 4.46e-17 2.75e-17  -0.001   -0.24
P08010  13.908   7.900 8.57e-14 4.69e-14 2.50e-14   0.000    0.69
P01418  13.836   5.450 3.87e-15 1.74e-15 7.94e-16   0.000   -1.29
P04568  14.031   6.489 1.23e-15 6.86e-16 3.38e-16  -0.001   -0.64
P01118  14.144   7.658 9.21e-16 4.15e-15 1.32e-14   0.001    0.71
P07048  14.139   5.370 3.14e-16 1.94e-16 1.04e-16  -0.001   -1.29
P03242  14.136   6.350 1.95e-15 1.02e-15 4.84e-16   0.002   -0.68
P09681  14.168   6.640 2.74e-16 1.92e-16 9.62e-17   0.001   -0.16
P08887  14.210   6.336 5.66e-16 3.45e-16 1.88e-16   0.002   -0.76
P00890  14.242   6.542 7.38e-16 4.18e-16 2.11e-16   0.001   -0.55
P02387  14.199   6.567 3.54e-15 1.76e-15 7.66e-16   0.002   -0.18
P01706  14.317   6.953 7.64e-16 4.58e-16 2.19e-16   0.000    0.27
P00078  14.326   6.595 5.56e-15 2.54e-15 1.16e-15   0.000   -0.09
P02264  14.213   9.169 6.82e-14 3.91e-14 1.87e-14   0.000    1.07
P00702  14.310   6.538 1.20e-15 5.67e-16 3.02e-16   0.001   -0.43
P02546  14.131   6.799 1.06e-13 8.79e-14 5.60e-14  -0.001    0.27
P09987  14.243   5.695 2.08e-15 1.17e-15 5.27e-16   0.000   -1.21
P06834  14.386   6.706 4.04e-16 2.41e-16 9.89e-17  -0.000    0.26
P04752  14.350   6.536 1.44e-16 8.39e-17 4.89e-17   0.000   -0.33
P04144  14.291   6.930 6.34e-16 3.14e-16 1.56e-16   0.002    0.56
P00610  14.359   6.656 3.07e-17 2.58e-17 1.56e-17  -0.000   -0.05
P01523  14.393   6.644 1.88e-15 9.15e-16 4.24e-16  -0.000    0.13
P01691  14.396   6.745 9.90e-14 6.45e-14 3.37e-14   0.000    0.03
P05238  14.526   6.207 2.57e-17 1.92e-17 1.41e-17   0.001   -0.91
P01932  14.410   6.368 3.12e-16 1.71e-16 8.99e-17   0.000   -0.84
P05682  14.421   7.134 1.81e-15 9.79e-16 4.64e-16   0.000    0.73
P03798  14.397   6.636 3.29e-15 1.58e-15 7.43e-16  -0.002    0.10
P07512  14.434   6.717 7.93e-16 3.72e-16 1.83e-16   0.000   -0.15
P05980  14.542   6.816 4.43e-16 2.27e-16 1.21e-16  -0.001    0.38
P09256  14.498   6.835 3.67e-17 2.88e-17 1.83e-17   0.002    0.52
P10205  14.502   6.524 3.46e-17 2.68e-17 1.60e-17   0.001   -0.19
P09649  14.383   6.562 2.29e-15 1.21e-15 4.74e-16  -0.001   -0.19
P01482  14.487   6.647 1.66e-17 1.31e-17 8.80e-18   0.002   -0.15
P02485  14.340   6.465 1.45e-16 1.06e-16 5.13e-17  -0.000   -0.71
P02340  14.435   6.568 1.10e-13 8.11e-14 5.27e-14   0.002   -0.24
P03135  14.521   6.580 1.41e-17 1.25e-17 9.38e-18  -0.000    0.06
P10432  14.518   6.174 1.58e-17 1.20e-17 9.86e-18  -0.001   -0.98
P06474  14.577   6.771 1.06e-15 5.67e-16 2.77e-16  -0.002    0.27
P05053  14.864   6.287 9.68e-14 8.21e-14 7.13e-14   0.004   -0.85
P02819  14.664   6.073 5.50e-17 4.09e-17 2.15e-17   0.001   -0.93
P00150  14.749   5.684 3.77e-16 2.00e-16 1.17e-16   0.001   -1.13
P07855  14.683   6.998 3.57e-14 2.18e-14 8.70e-15   0.001    0.58
P08716  14.654   6.764 2.64e-16 1.56e-16 8.40e-17  -0.000    0.23
P01344  14.795   7.257 4.45e-17 3.10e-17 1.98e-17   0.002    0.86
P08541  14.786   6.260 3.86e-16 2.27e-16 1.19e-16   0.002   -0.67
P08142  14.803   7.685 1.95e-17 1.52e-17 1.02e-17   0.002    0.97
P05509  14.794   6.312 6.71e-14 3.62e-14 1.45e-14  -0.001   -0.50
P03892  14.945   7.148 4.18e-16 2.36e-16 1.04e-16  -0.001    0.72
P00481  14.797   6.558 1.16e-16 7.81e-17 4.56e-17   0.000   -0.15
P09544  14.895   7.574 4.16e-17 3.04e-17 1.86e-17   0.001    0.99
P09790  14.955   7.214 7.95e-14 8.67e-14 7.51e-14  -0.002    0.76
P02151  14.870   6.435 3.21e-16 1.98e-16 9.12e-17   0.001   -0.50
P00733  14.999   7.530 1.86e-17 1.51e-17 1.05e-17   0.002    0.85
P09425  14.959   7.464 4.40e-17 3.67e-17 1.90e-17   0.000    0.84
