name x y flux1 flux2 flux3 par rv
P03256 -28.451  -0.624 5.30e-14 2.06e-14 9.99e-15   0.002   -2.57
P03654 -28.169  -0.428 9.91e-17 1.01e-16 6.99e-17   0.004   -2.58
P01449 -27.799  -0.977 6.83e-13 3.54e-13 1.99e-13   0.003   -2.61
P10106 -26.109  -0.094 1.24e-16 1.09e-16 7.32e-17   0.004   -2.37
P08215 -25.439  -3.328 1.24e-17 1.74e-17 1.55e-17   0.001   -2.44
P08439 -24.852  -0.455 6.91e-15 3.65e-15 1.81e-15   0.001   -2.21
P05388 -24.272  -4.502 2.49e-14 1.10e-14 4.87e-15   0.002   -2.29
P04237 -22.665  -4.314 3.88e-15 2.53e-15 1.22e-15   0.002   -2.08
P05874 -16.780  -1.530 5.12e-16 2.90e-16 1.17e-16   0.010   -1.13
