name x y flux1 flux2 flux3 par rv
P08329  30.237 -23.747 1.71e-15 9.47e-16 4.49e-16   0.001    4.16
P03170  30.207 -23.878 2.02e-17 1.78e-17 1.19e-17   0.000    5.30
P05723  30.297 -24.071 4.39e-14 2.28e-14 1.08e-14   0.001    4.18
P06898  30.195 -23.899 6.86e-14 4.15e-14 2.44e-14  -0.000    4.28
P06227  30.201 -23.783 1.36e-17 1.08e-17 7.77e-18   0.001    5.37
P09152  30.201 -23.778 7.35e-17 5.51e-17 3.17e-17   0.002    4.95
P02995  30.375 -23.637 4.51e-15 2.27e-15 1.01e-15   0.002    5.36
P10281  30.217 -23.622 3.81e-14 2.08e-14 8.17e-15   0.001    5.29
P04486  30.362 -24.094 9.05e-14 4.79e-14 2.72e-14   0.001    5.05
P06332  30.356 -23.831 5.02e-16 3.07e-16 1.59e-16   0.001    4.61
P06972  30.238 -23.824 1.11e-15 6.83e-16 2.78e-16   0.002    4.76
P07801  30.433 -23.528 6.06e-14 3.21e-14 1.52e-14   0.000    3.34
P09702  30.518 -23.864 4.16e-17 3.28e-17 2.02e-17   0.002    4.24
P01393  30.401 -24.178 4.14e-17 2.60e-17 1.56e-17   0.000    3.69
P04690  30.433 -23.919 4.00e-15 1.52e-15 7.09e-16   0.001    4.72
P06354  30.638 -23.967 4.44e-16 2.79e-16 1.40e-16   0.001    4.45
P09221  30.549 -23.952 2.54e-15 1.15e-15 5.32e-16   0.002    4.02
P04457  30.627 -23.956 3.30e-15 1.96e-15 8.00e-16  -0.001    4.34
P09642  30.640 -23.802 1.18e-15 7.22e-16 2.91e-16   0.000    4.15
P09387  30.751 -24.054 4.73e-14 2.41e-14 1.08e-14   0.001    3.28
P08642  30.731 -23.999 6.15e-17 4.15e-17 2.67e-17   0.002    3.78
P08676  30.735 -23.792 4.14e-14 1.85e-14 8.14e-15  -0.001    3.74
P09215  30.650 -23.976 5.20e-17 4.84e-17 2.33e-17  -0.001    3.04
P09283  30.826 -23.958 8.89e-14 8.05e-14 5.43e-14   0.001    3.68
P02374  30.754 -23.836 7.37e-16 3.72e-16 1.71e-16   0.001    3.68
P09325  30.762 -23.891 2.56e-15 1.31e-15 6.51e-16   0.001    3.33
P02343  30.719 -23.769 9.87e-14 6.56e-14 4.15e-14   0.001    3.60
P04238  30.766 -23.994 3.52e-17 2.18e-17 1.45e-17  -0.000    3.18
P05073  30.833 -24.076 8.29e-16 4.54e-16 2.30e-16   0.002    3.33
P07408  30.789 -23.829 1.39e-15 6.50e-16 3.41e-16   0.000    3.43
P08422  30.807 -23.910 3.50e-15 1.99e-15 8.97e-16  -0.000    3.10
P01797  30.840 -24.099 1.48e-16 7.94e-17 4.32e-17   0.001    2.91
P05689  30.851 -24.115 2.68e-16 1.60e-16 7.30e-17   0.001    3.25
P05923  30.826 -23.966 5.03e-14 2.65e-14 1.20e-14  -0.000    3.25
P02981  30.849 -23.909 1.68e-15 8.19e-16 4.04e-16   0.001    2.66
P03246  30.932 -23.677 2.20e-17 1.74e-17 1.15e-17   0.002    2.91
P01312  30.696 -23.830 1.01e-13 7.68e-14 5.29e-14   0.000    2.74
P02969  30.757 -23.848 8.22e-14 6.59e-14 4.11e-14   0.002    2.31
P06008  30.835 -23.974 4.68e-14 2.51e-14 1.07e-14   0.001    2.32
P09485  30.782 -24.049 4.63e-14 2.64e-14 1.33e-14  -0.001    2.25
P05978  30.905 -23.924 5.83e-17 3.94e-17 2.55e-17   0.001    2.02
P01526  31.021 -23.871 4.68e-15 2.50e-15 9.95e-16  -0.001    1.41
P03693  30.982 -23.791 1.85e-15 1.09e-15 6.07e-16  -0.000    2.04
P08860  30.795 -23.928 8.04e-16 4.30e-16 1.79e-16   0.002    1.76
P10468  31.012 -24.016 2.18e-15 1.02e-15 5.39e-16  -0.000    1.68
P10388  30.880 -23.802 4.04e-14 2.23e-14 1.13e-14   0.000    1.55
P07999  31.048 -23.690 4.02e-15 2.23e-15 9.19e-16   0.002    1.33
P04877  31.125 -23.703 6.20e-14 3.24e-14 1.64e-14   0.002    1.68
P03087  30.888 -24.013 7.32e-17 4.52e-17 3.01e-17   0.001    1.22
P03839  30.956 -23.477 2.57e-15 1.39e-15 6.35e-16   0.001    1.63
P07644  30.949 -24.022 7.61e-14 4.46e-14 2.39e-14   0.000    0.81
P08260  30.996 -23.865 5.86e-16 3.43e-16 1.70e-16   0.001    0.86
P03475  31.183 -23.887 3.28e-14 5.25e-14 5.55e-14  -0.000    0.29
P10089  31.061 -23.901 1.93e-17 1.30e-17 9.25e-18   0.002    0.29
P04116  31.141 -23.985 6.72e-14 3.56e-14 1.58e-14   0.000    0.88
P09555  31.146 -24.077 7.86e-14 5.81e-14 3.05e-14  -0.000    0.45
P00994  31.008 -23.889 1.59e-15 9.42e-16 4.03e-16  -0.000    1.10
P01938  31.155 -24.085 1.10e-16 8.83e-17 4.56e-17   0.002    0.43
P04757  31.257 -24.069 4.98e-17 3.23e-17 2.57e-17  -0.001    0.04
P07988  31.207 -24.034 9.90e-14 5.67e-14 3.18e-14   0.001    0.04
P05456  31.235 -23.961 2.68e-15 1.22e-15 5.45e-16   0.001    0.16
P03209  31.181 -24.193 2.60e-16 1.55e-16 8.17e-17  -0.002    1.00
P01693  31.203 -23.937 1.79e-17 1.46e-17 9.85e-18   0.002    1.43
P05162  31.403 -24.128 2.12e-16 1.34e-16 6.49e-17  -0.001   -0.06
P00346  31.297 -24.287 4.15e-17 3.45e-17 2.18e-17  -0.000    1.44
P00726  31.334 -24.020 1.74e-16 1.21e-16 5.11e-17  -0.000   -0.30
P07020  31.236 -23.837 1.68e-16 1.15e-16 6.07e-17   0.001   -0.14
P04610  31.370 -23.826 3.06e-16 1.59e-16 9.81e-17  -0.001   -0.20
P09568  31.410 -24.187 5.37e-16 2.67e-16 1.56e-16   0.001   -0.40
P06756  31.439 -23.887 4.54e-15 2.24e-15 1.06e-15   0.002   -0.19
P04255  31.390 -23.854 8.78e-14 7.19e-14 4.12e-14   0.002   -0.18
P06236  31.332 -23.892 5.98e-17 3.78e-17 2.34e-17   0.000    0.46
P05644  31.400 -23.760 8.51e-17 6.16e-17 3.14e-17   0.000    0.94
P08062  31.558 -23.738 4.12e-17 3.16e-17 1.88e-17  -0.000   -0.58
P08173  31.543 -24.187 3.13e-15 1.72e-15 7.27e-16   0.000    0.15
P06987  31.677 -23.789 1.76e-16 1.18e-16 5.37e-17  -0.000   -0.30
P06863  31.726 -23.754 3.16e-15 1.67e-15 6.70e-16   0.002   -0.57
P09445  31.562 -24.070 8.14e-16 3.91e-16 2.37e-16   0.000   -0.66
P03193  31.720 -24.365 3.21e-17 2.65e-17 1.27e-17   0.000    0.24
P06362  31.885 -23.883 1.22e-16 8.75e-17 4.50e-17  -0.000   -0.98
P08957  32.046 -23.876 7.45e-14 3.57e-14 2.27e-14  -0.000   -0.80
P00348  32.061 -23.916 3.58e-17 2.31e-17 1.61e-17   0.001   -1.08
P10014  32.248 -23.990 2.87e-17 2.66e-17 1.38e-17   0.002   -0.89
P09414  32.362 -24.301 1.48e-16 9.78e-17 5.81e-17   0.001   -1.31
P08753  32.423 -24.454 3.10e-15 1.59e-15 6.66e-16  -0.002   -0.50
P06641  32.497 -24.337 2.54e-15 1.41e-15 6.24e-16  -0.001   -0.91
P07315  32.594 -24.150 6.45e-14 5.89e-14 5.39e-14   0.001   -1.31
P10299  33.171 -24.259 4.99e-17 3.98e-17 2.36e-17  -0.000   -1.45
