name x y flux1 flux2 flux3 par rv
P04177  15.052   8.172 8.84e-16 8.31e-16 7.47e-16   0.008   -4.09
P01868  15.102   7.093 1.43e-16 1.31e-16 8.18e-17   0.002   -2.87
P08281  15.023  11.122 7.70e-17 9.14e-17 9.04e-17   0.004   -3.31
P09211  15.370   8.940 5.38e-14 3.13e-14 1.39e-14   0.005   -2.68
P08796  15.459   7.728 6.32e-14 4.18e-14 2.09e-14   0.009   -4.18
P06173  15.466   6.445 1.45e-14 1.40e-14 7.85e-15   0.012   -3.19
P07875  15.523   9.266 1.18e-12 5.19e-13 2.56e-13   0.011   -3.96
P06801  15.673  13.511 7.15e-15 3.54e-15 1.95e-15   0.002   -2.31
P08692  15.743  12.089 2.23e-14 1.60e-14 6.93e-15   0.006   -3.21
P04130  15.666   8.120 3.39e-14 1.64e-14 7.31e-15   0.004   -2.82
P08879  15.835  10.125 2.00e-15 1.69e-15 1.15e-15   0.007   -3.87
P09759  15.766   7.933 8.82e-15 6.21e-15 3.86e-15   0.008   -3.94
P08401  15.997   9.470 2.02e-13 1.02e-13 4.87e-14   0.007   -4.19
P10129  16.341   3.176 1.13e-15 7.44e-16 4.82e-16   0.003   -3.11
P06532  16.514   5.254 4.10e-14 2.26e-14 1.17e-14   0.006   -4.49
P06896  16.671  10.064 1.20e-12 6.69e-13 2.91e-13   0.011   -4.56
P10212  16.847   1.184 4.15e-16 3.66e-16 2.74e-16   0.004   -2.45
P00356  16.939   1.093 2.28e-13 1.18e-13 6.49e-14   0.004   -4.18
P02283  16.895   5.203 4.58e-14 2.33e-14 1.01e-14   0.003   -3.25
P05130  16.834   8.807 4.72e-14 3.14e-14 1.51e-14   0.008   -4.04
P09968  17.164   8.044 1.23e-17 1.51e-17 1.71e-17   0.001   -3.01
P01288  17.440   7.518 1.22e-17 2.51e-17 3.26e-17   0.007   -3.98
P01838  17.473   8.543 6.90e-14 3.00e-14 1.36e-14   0.002   -2.99
P07327  17.455   1.438 1.36e-17 5.91e-18 2.66e-18   0.005   -2.56
P04721  17.959   4.812 2.33e-14 1.11e-14 5.45e-15   0.002   -3.27
P05433  18.299   4.266 2.64e-14 1.33e-14 7.39e-15   0.003   -2.74
P08523  18.303  12.708 9.26e-15 6.26e-15 3.73e-15   0.006   -3.26
P08491  18.439   4.219 1.02e-14 5.89e-15 3.19e-15   0.004   -4.30
P02061  18.503  12.030 1.10e-11 5.72e-12 2.97e-12   0.007   -3.98
P08433  18.679  11.383 5.89e-17 3.03e-17 1.18e-17   0.004   -2.86
P01317  18.592   2.164 1.41e-16 1.26e-16 8.14e-17   0.002   -3.16
P00543  18.985  12.422 6.57e-17 9.83e-17 1.06e-16   0.009   -4.69
P08096  19.194  11.570 2.12e-11 1.08e-11 6.24e-12   0.009   -4.56
P02877  19.258  10.169 4.29e-13 2.27e-13 1.10e-13   0.008   -4.72
P06195  19.522   0.541 2.06e-15 1.58e-15 9.10e-16   0.003   -4.82
P06526  19.516  14.489 1.91e-13 9.62e-14 3.89e-14   0.006   -3.75
P05857  19.656  11.342 1.50e-12 7.52e-13 3.47e-13   0.010   -4.26
P00015  19.638   8.122 1.68e-13 1.05e-13 5.10e-14   0.011   -4.19
P01037  19.887  14.022 5.00e-15 3.67e-15 2.36e-15   0.005   -3.61
P01761  20.238   0.090 1.08e-17 1.63e-17 2.38e-17   0.005   -4.41
P05691  20.280   6.881 2.52e-14 1.40e-14 5.83e-15   0.001   -3.24
P06176  20.609   2.702 3.98e-12 3.47e-12 3.01e-12   0.003   -4.67
P01679  20.688   3.263 4.12e-16 3.17e-16 2.29e-16   0.002   -3.21
P08370  21.244  14.980 1.10e-13 5.93e-14 2.84e-14   0.007   -4.44
P07633  21.785  14.739 1.21e-13 5.97e-14 2.87e-14   0.004   -3.98
P09947  21.892  12.889 4.27e-13 2.31e-13 9.71e-14   0.008   -4.18
P01686  21.878   4.148 2.47e-17 3.19e-17 2.97e-17   0.004   -2.89
P03426  22.487   9.122 6.95e-17 7.04e-17 6.77e-17   0.004   -2.92
P01267  22.623   9.983 1.08e-16 1.65e-16 1.76e-16   0.010   -4.71
P02053  22.762   5.659 7.33e-17 9.36e-17 9.11e-17   0.006   -4.42
P07554  23.295  12.223 3.16e-13 1.45e-13 7.12e-14   0.005   -3.42
P07251  23.618  12.077 5.86e-15 4.34e-15 2.96e-15   0.011   -4.77
P03994  24.126   9.237 5.77e-11 4.32e-11 2.61e-11   0.013   -4.01
P00730  24.508  11.825 9.70e-13 3.78e-12 1.04e-11   0.012   -4.31
P02644  24.614  13.946 1.73e-17 3.08e-17 3.06e-17   0.006   -4.10
P03586  24.641  12.937 1.23e-11 6.20e-12 3.07e-12   0.010   -4.66
P04223  24.970  14.744 2.66e-13 1.25e-13 6.06e-14   0.009   -4.70
P06501  25.635   4.120 1.20e-15 9.28e-16 6.25e-16   0.003   -3.03
P09172  25.934   7.266 2.79e-16 2.51e-16 1.46e-16  -0.000   -3.13
P03174  26.120   1.995 6.11e-17 6.62e-17 6.49e-17   0.003   -3.12
P05920  26.402  12.809 4.28e-13 2.33e-13 1.17e-13   0.009   -4.83
P03590  26.901  12.799 4.03e-14 2.87e-14 1.42e-14   0.011   -4.47
P01371  27.178  13.024 6.43e-17 8.87e-17 8.23e-17   0.006   -3.63
P05614  27.279  10.692 1.67e-12 8.83e-13 4.25e-13   0.004   -3.01
P00322  27.545   5.442 1.40e-16 1.09e-16 7.64e-17   0.001   -1.82
P01298  27.842   1.065 1.19e-17 5.29e-18 2.79e-18   0.001   -4.59
P06631  27.903  10.748 6.91e-13 3.26e-13 1.52e-13   0.007   -4.10
P05444  28.876   3.842 5.17e-17 7.20e-17 6.82e-17   0.003   -3.08
