name x y flux1 flux2 flux3 par rv
P00266   0.086   5.841 4.74e-15 3.92e-15 2.08e-15   0.006   -0.99
P04816   0.016   6.799 2.37e-15 1.55e-15 9.41e-16   0.003   -4.68
P04031   0.137   4.739 2.73e-15 2.09e-15 1.51e-15   0.005   -1.18
P03517   0.040   1.527 3.93e-14 1.82e-14 9.83e-15   0.004    0.36
P05063   0.125   2.324 4.33e-16 4.98e-16 3.27e-16   0.004   -1.77
P10095   0.288   6.738 3.04e-14 1.98e-14 1.05e-14   0.010   -1.03
P01937   0.574   4.511 6.04e-16 6.38e-16 5.40e-16   0.007   -0.01
P10080   0.644   5.188 2.16e-14 1.42e-14 7.76e-15   0.006   -1.08
P03384   0.771   3.571 8.67e-15 5.77e-15 3.60e-15   0.006   -1.26
P00723   0.905   3.590 1.59e-16 1.98e-16 1.63e-16   0.005   -1.89
P01806   0.742   3.838 2.44e-11 1.21e-11 5.94e-12   0.010   -0.14
P09809   0.820   6.471 1.45e-14 9.47e-15 5.43e-15   0.006   -1.27
P00024   0.872   3.243 2.02e-15 1.63e-15 9.45e-16   0.006   -1.83
P06798   1.006   6.438 1.40e-12 6.50e-13 2.76e-13   0.008   -0.22
P04768   0.986   5.791 7.87e-16 6.94e-16 4.90e-16   0.005   -1.58
P02820   0.908   4.079 2.52e-14 1.38e-14 7.74e-15   0.005   -1.87
P03680   1.001   6.728 1.36e-13 7.02e-14 2.99e-14   0.005   -1.89
P02408   0.998  14.851 7.05e-14 3.76e-14 1.83e-14   0.006   -0.69
P05802   1.138   7.826 5.89e-15 4.19e-15 2.60e-15   0.006   -1.60
P08298   1.176   4.354 1.85e-15 1.47e-15 9.86e-16   0.006   -1.37
P01428   1.085   4.806 2.97e-16 3.06e-16 2.56e-16   0.005   -1.41
P04897   1.124   2.416 5.84e-15 3.56e-15 2.08e-15   0.003    0.28
P03357   1.397   2.663 3.20e-14 1.72e-14 8.56e-15   0.006   -2.18
P06624   1.435   1.628 8.47e-14 4.50e-14 2.14e-14   0.003    0.17
P05754   1.534   3.338 1.54e-11 8.31e-12 3.63e-12   0.010   -0.32
P08080   1.435   4.498 7.53e-17 1.23e-16 1.36e-16   0.010   -0.20
P02204   1.536   4.306 3.91e-13 1.93e-13 9.39e-14   0.009   -0.37
P09336   1.657  14.501 5.87e-12 3.31e-12 1.51e-12   0.004   -0.38
P03350   1.465   0.194 6.49e-12 4.03e-12 2.17e-12   0.005   -5.02
P04786   1.607   5.146 4.90e-16 5.17e-16 4.38e-16   0.010   -0.58
P01944   1.687   5.727 3.00e-16 3.34e-16 2.54e-16   0.006   -1.51
P01256   1.659  12.127 2.51e-17 3.76e-17 3.99e-17   0.004   -1.61
P03333   1.827   6.912 5.67e-16 6.21e-16 4.93e-16   0.006   -1.82
P10157   1.791   3.018 3.59e-13 2.15e-13 8.36e-14   0.005   -2.35
P04973   1.777   5.423 4.06e-16 3.81e-16 3.03e-16   0.005   -1.58
P06940   1.909   5.162 1.27e-16 1.63e-16 1.59e-16   0.009   -0.42
P06746   1.916   3.996 1.60e-11 9.75e-12 4.90e-12   0.011   -0.32
P05364   2.167   3.909 6.36e-16 6.37e-16 4.32e-16   0.007   -2.39
P09589   2.190   9.912 8.55e-14 4.79e-14 2.31e-14   0.008   -1.98
P07547   2.265   9.571 9.03e-15 6.66e-15 3.69e-15   0.006   -1.90
P03205   2.164   4.563 8.94e-15 7.51e-15 3.70e-15   0.004   -2.23
P07490   2.250   7.380 1.21e-14 8.00e-15 5.22e-15   0.006   -2.00
P02799   2.167   3.777 1.64e-17 2.69e-17 3.30e-17   0.006   -2.38
P02925   2.215   5.281 4.83e-16 5.33e-16 3.78e-16   0.005   -2.13
P06082   2.237   5.017 6.83e-12 4.03e-12 1.87e-12   0.003   -2.14
P05924   2.185   3.867 5.74e-12 6.36e-12 6.52e-12   0.006   -2.61
P07640   2.433   4.388 1.10e-11 8.00e-12 5.71e-12   0.006   -2.68
P04355   2.255   6.895 4.41e-12 2.07e-12 9.90e-13   0.007   -2.05
P02611   2.517   2.598 7.94e-15 5.71e-15 2.94e-15   0.006   -3.08
P09068   2.322   2.915 4.22e-12 2.17e-12 1.05e-12   0.007   -2.89
P02190   2.379   4.359 6.69e-17 9.53e-17 8.74e-17   0.005   -2.65
P08289   2.450   3.901 4.34e-14 2.64e-14 1.14e-14   0.006   -2.87
P04439   2.441   5.099 1.21e-13 6.55e-14 3.20e-14   0.008   -0.20
P00854   2.504   5.329 4.69e-15 3.15e-15 2.19e-15   0.007   -2.63
P01497   2.612   5.670 1.06e-17 1.95e-17 2.08e-17   0.006   -2.48
P01075   2.686   5.800 6.50e-17 8.47e-17 8.62e-17   0.007   -2.39
P06843   2.680   5.683 6.83e-12 3.33e-12 1.61e-12   0.004   -2.81
P05860   2.638   5.155 2.69e-17 3.93e-17 4.56e-17   0.006   -2.83
P04765   2.894   4.353 6.60e-14 3.18e-14 1.73e-14   0.006   -2.93
P00069   2.726   5.503 1.46e-16 1.87e-16 1.60e-16   0.007   -2.95
P07605   2.876   3.832 2.42e-15 1.33e-15 6.49e-16   0.002    0.88
P05484   2.817   5.272 1.03e-15 8.63e-16 6.74e-16   0.004   -2.79
P02086   2.941   0.378 1.33e-14 7.70e-15 4.58e-15   0.005   -2.72
P01242   3.171   4.815 1.16e-17 1.84e-17 2.45e-17   0.006   -3.17
P09774   3.157   5.598 4.27e-14 2.46e-14 1.04e-14   0.006   -2.88
P00146   3.147   2.928 5.36e-17 6.85e-17 5.65e-17   0.003   -0.47
P04184   3.153   9.245 1.03e-11 6.33e-12 3.18e-12   0.006   -2.35
P01040   3.176   6.349 3.54e-15 2.41e-15 1.48e-15   0.006   -2.87
P07726   3.270   6.753 7.71e-16 6.75e-16 4.99e-16   0.007   -2.91
P00090   3.493   3.251 1.53e-17 1.41e-17 9.99e-18   0.003    0.35
P00750   3.444   5.380 2.49e-17 4.11e-17 4.87e-17   0.007   -2.91
P01250   3.523   3.564 1.31e-13 7.00e-14 3.85e-14   0.008   -3.49
P00826   3.513   6.646 1.25e-16 6.41e-17 2.66e-17   0.004   -4.97
P08368   3.580   5.759 5.65e-14 4.44e-14 2.04e-14   0.011   -0.42
P08921   3.548   2.878 2.11e-15 1.72e-15 1.03e-15   0.006   -2.95
P05009   3.743   1.595 7.96e-14 3.54e-14 1.60e-14   0.003   -1.06
P05508   3.584   0.852 9.18e-14 5.31e-14 2.56e-14   0.004   -2.93
P03411   3.687   1.622 7.33e-14 4.09e-14 1.76e-14   0.004   -0.35
P05663   3.640   4.176 1.99e-17 3.79e-17 4.78e-17   0.008   -0.41
P04658   3.646   0.585 1.56e-12 2.51e-12 3.15e-12   0.004   -0.74
P01059   3.817   2.679 2.72e-14 1.71e-14 8.40e-15   0.005   -3.03
P04665   3.795   3.459 1.06e-15 9.98e-16 6.64e-16   0.005   -3.01
P04613   3.798   6.473 9.68e-14 5.40e-14 2.46e-14   0.006   -2.89
P07066   4.030   2.569 1.26e-15 8.08e-16 3.68e-16   0.001    0.86
P08994   4.014   9.055 1.17e-11 6.03e-12 3.36e-12   0.005   -2.50
P09664   4.069   3.101 3.21e-15 1.57e-15 7.39e-16   0.002    0.99
P09121   4.079   1.983 3.55e-17 5.38e-17 5.33e-17   0.005   -3.21
P09941   4.266   6.059 3.59e-17 2.21e-17 1.19e-17   0.006   -3.54
P10307   4.258   0.027 8.00e-15 4.75e-15 2.34e-15   0.003   -1.21
P04363   4.350   0.369 1.10e-14 6.87e-15 3.11e-15   0.004   -5.05
P07011   4.372   0.027 1.14e-15 8.67e-16 5.54e-16   0.002    0.19
P09855   4.438   6.442 1.64e-17 3.22e-17 3.62e-17   0.008   -1.39
P06715   4.364   6.905 1.04e-11 9.37e-12 4.41e-12   0.004   -3.20
P03650   4.490   4.971 3.82e-16 4.40e-16 2.95e-16   0.005   -3.58
P06562   4.603   6.173 9.30e-13 4.31e-13 1.74e-13   0.008   -0.75
P04744   4.639   6.963 1.59e-17 2.67e-17 3.90e-17   0.007   -0.73
P02274   4.686   3.004 3.39e-17 3.25e-17 2.03e-17   0.002    0.93
P05253   4.775   1.890 1.48e-15 9.88e-16 5.24e-16   0.000   -1.02
P09208   4.788   5.663 2.43e-14 1.79e-14 9.87e-15   0.010   -0.58
P02295   4.697  13.899 1.20e-15 8.03e-16 5.14e-16   0.002   -2.61
P10178   4.636   4.498 1.10e-16 1.37e-16 1.29e-16   0.003   -3.81
P00996   4.729   5.260 5.16e-14 2.90e-14 1.62e-14   0.008   -0.91
P08336   4.769   2.670 5.34e-17 4.55e-17 3.11e-17   0.004    0.89
P02276   4.819   6.691 2.59e-15 2.02e-15 1.39e-15   0.010   -0.79
P10101   4.982   4.059 1.06e-15 1.18e-15 9.30e-16   0.011   -1.37
P05295   4.903   4.834 5.54e-15 3.81e-15 2.29e-15   0.006   -3.33
P03244   4.851   2.407 3.13e-16 2.44e-16 1.17e-16   0.000    0.33
P08617   4.983   1.600 2.62e-17 2.32e-17 1.74e-17   0.000    0.48
P07915   5.006   7.493 9.18e-14 4.75e-14 2.50e-14   0.004   -3.44
P04806   5.067   6.782 7.26e-13 3.62e-13 1.43e-13   0.008   -1.75
P09768   5.016  14.831 1.02e-15 8.92e-16 6.44e-16   0.006   -2.31
P02842   5.096   3.148 6.84e-14 4.31e-14 2.38e-14   0.012   -1.50
P04210   5.064  10.927 9.01e-17 1.03e-16 8.86e-17   0.005   -1.06
P04805   5.252  10.479 1.32e-16 1.20e-16 1.01e-16   0.005   -1.97
P02167   5.168   3.992 2.99e-13 1.54e-13 7.98e-14   0.001    0.17
P00254   5.119   7.434 3.63e-16 3.85e-16 3.08e-16   0.008   -1.63
P06553   5.326   8.617 1.22e-12 1.40e-12 1.19e-12   0.002   -0.84
P03898   5.228  14.156 1.05e-14 7.73e-15 4.43e-15   0.007   -2.40
P06499   5.260   1.504 4.44e-16 2.75e-16 1.66e-16   0.000   -0.60
P08338   5.287   5.875 5.66e-15 4.11e-15 2.92e-15   0.010   -0.84
P04946   5.417   4.384 7.18e-17 9.80e-17 8.90e-17   0.005   -3.86
P08374   5.493   8.544 5.47e-13 2.90e-13 1.37e-13   0.008   -1.47
P04482   5.698   2.262 5.68e-15 3.45e-15 1.34e-15   0.001    0.52
P09950   5.599   8.968 1.15e-16 1.21e-16 1.17e-16   0.008   -2.11
P02919   5.625   6.229 2.39e-14 1.64e-14 8.80e-15   0.009   -0.94
P04562   5.896   9.499 1.34e-13 7.11e-14 3.60e-14   0.009   -1.93
P00919   5.687   1.130 1.32e-15 8.58e-16 4.21e-16   0.001   -0.17
P10252   5.802   0.593 2.63e-17 3.76e-17 3.65e-17   0.004   -0.46
P06154   5.742   1.990 1.73e-13 8.88e-14 3.96e-14   0.003    0.17
P07487   5.907   1.247 6.14e-17 4.95e-17 3.60e-17   0.003    0.15
P03593   5.872   1.154 2.26e-13 1.32e-13 6.49e-14  -0.000    0.04
P01525   5.835   1.640 1.43e-15 9.68e-16 4.38e-16  -0.001    0.37
P08071   6.009   1.489 4.01e-13 2.45e-13 1.30e-13  -0.000   -0.22
P07472   5.847   1.421 2.12e-17 1.92e-17 1.41e-17   0.001   -0.19
P03375   6.056   1.279 4.50e-16 2.42e-16 1.50e-16   0.000   -0.49
P09109   6.000   0.919 1.74e-13 8.80e-14 4.47e-14   0.000   -0.48
P03307   6.004   6.095 8.27e-16 1.02e-15 7.55e-16   0.009   -1.40
P09048   6.091   0.819 5.19e-15 2.50e-15 1.26e-15   0.002   -1.32
P03589   6.069   1.274 8.95e-14 1.57e-13 2.07e-13   0.001   -0.09
P06799   6.016   1.027 1.90e-15 1.10e-15 6.05e-16   0.002   -0.53
P03722   6.087   1.227 3.74e-15 1.71e-15 8.63e-16   0.001   -1.02
P06394   6.214   6.316 1.90e-11 1.14e-11 5.91e-12   0.009   -1.41
P01649   6.129   1.297 9.35e-16 6.29e-16 3.21e-16   0.001   -0.31
P03088   6.092   0.662 2.48e-15 1.27e-15 6.41e-16   0.001   -1.56
P09598   6.192  13.814 1.04e-13 5.64e-14 2.80e-14   0.006   -1.60
P09513   6.127  13.732 4.06e-13 2.10e-13 9.18e-14   0.006   -1.14
P04071   6.138   1.436 2.69e-13 1.58e-13 7.54e-14   0.003   -0.32
P01411   6.080   8.236 8.02e-16 7.58e-16 7.08e-16   0.006   -2.08
P06997   6.318   1.107 8.11e-16 5.30e-16 2.98e-16   0.000   -0.50
P04948   6.130   9.523 7.30e-14 3.67e-14 1.95e-14   0.006   -2.18
P08594   6.241   0.522 1.36e-16 9.72e-17 6.20e-17   0.001   -2.06
P02517   6.277   1.089 2.46e-17 2.55e-17 1.73e-17   0.000   -0.40
P00841   6.349   8.663 2.22e-15 1.96e-15 1.41e-15   0.009   -2.05
P01935   6.301   8.919 2.84e-16 3.54e-16 3.01e-16   0.007   -1.89
P09923   6.312   1.096 9.94e-15 5.43e-15 2.82e-15   0.004   -0.83
P05222   6.394   0.808 1.02e-16 8.13e-17 5.15e-17   0.001   -1.82
P08571   6.332   0.564 5.87e-15 2.99e-15 1.45e-15   0.001   -1.13
P10343   6.246   0.271 2.24e-15 1.13e-15 5.83e-16  -0.000   -2.93
P05675   6.478   7.949 1.17e-14 9.37e-15 5.85e-15   0.010   -1.53
P09773   6.424   0.947 2.75e-16 1.93e-16 1.05e-16   0.001   -1.03
P00852   6.398   5.093 3.95e-14 2.53e-14 1.27e-14   0.007   -3.99
P04579   6.394   1.181 1.58e-14 7.82e-15 3.51e-15   0.002   -0.25
P07732   6.409   4.792 1.50e-12 7.03e-13 2.85e-13   0.010   -1.75
P08507   6.408   1.281 4.35e-14 1.90e-14 9.46e-15   0.004   -0.99
P10220   6.422   7.420 2.08e-17 3.40e-17 4.97e-17   0.008   -1.93
P08201   6.338   0.883 5.45e-15 2.57e-15 1.26e-15   0.002   -1.05
P03250   6.322   0.325 1.24e-15 7.33e-16 3.65e-16   0.001   -2.36
P04928   6.481   6.711 2.36e-13 1.08e-13 5.39e-14   0.006   -3.90
P04882   6.587   0.626 1.34e-14 6.86e-15 3.03e-15   0.001   -1.77
P00980   6.520   0.204 2.62e-13 1.63e-13 8.02e-14   0.000   -3.29
P02471   6.483   8.481 5.81e-15 3.31e-15 2.03e-15   0.004   -2.16
P08455   6.453   4.865 3.87e-14 2.02e-14 1.12e-14   0.007   -3.93
P01791   6.649   0.746 4.51e-17 4.32e-17 2.54e-17   0.003   -1.53
P06654   6.532   7.582 1.49e-15 1.37e-15 9.42e-16   0.008   -1.53
P01616   6.521   0.201 3.61e-16 2.49e-16 1.33e-16   0.001   -3.27
P04041   6.560   0.864 4.11e-15 2.52e-15 1.04e-15   0.002   -1.44
P04605   6.499   0.135 4.40e-17 3.36e-17 2.28e-17   0.002   -3.75
P04728   6.636   4.486 7.35e-17 9.15e-17 9.05e-17   0.005   -4.06
P05099   6.633   7.367 1.54e-11 1.36e-11 1.04e-11   0.006   -2.10
P06271   6.693   1.230 4.21e-16 2.63e-16 1.31e-16   0.002   -1.03
P02109   6.647   7.504 6.19e-14 3.41e-14 1.78e-14   0.008   -1.76
P08084   6.659   0.945 7.52e-16 4.50e-16 2.48e-16   0.004   -1.46
P01190   6.748   0.838 3.61e-17 3.32e-17 2.28e-17   0.002   -2.50
P02841   6.637   0.876 4.46e-17 3.60e-17 2.68e-17   0.000   -2.21
P04057   6.830   0.747 1.17e-17 1.08e-17 9.25e-18   0.001   -2.25
P05181   6.595   0.904 9.11e-16 5.41e-16 3.03e-16   0.001   -1.79
P09423   6.746   0.726 2.68e-15 1.37e-15 7.35e-16   0.003   -2.86
P07710   6.807   0.033 1.56e-13 2.12e-13 2.19e-13   0.001   -2.97
P02213   6.724   0.741 6.13e-16 3.39e-16 1.85e-16   0.001   -2.68
P04518   6.727   0.727 8.39e-17 6.35e-17 4.36e-17   0.002   -2.97
P02649   6.685   0.773 1.49e-14 6.90e-15 3.24e-15   0.001   -2.68
P03611   6.868   6.115 1.15e-15 1.15e-15 8.11e-16   0.006   -3.74
P04646   6.770   0.636 2.93e-15 1.56e-15 7.77e-16   0.002   -2.88
P08382   6.809   0.984 2.97e-17 2.28e-17 1.91e-17   0.002   -2.16
P07682   6.840   5.507 6.56e-16 5.58e-16 3.85e-16   0.002   -5.12
P00653   6.871   9.640 5.89e-13 2.72e-13 1.36e-13   0.006   -3.04
P07501   6.796   0.821 1.05e-16 7.97e-17 5.38e-17   0.001   -1.72
P00411   6.764   0.464 3.15e-17 3.04e-17 1.80e-17   0.002   -3.19
P01105   6.929   1.676 2.05e-12 1.17e-12 4.59e-13   0.005   -1.25
P08557   6.818   0.171 1.85e-16 1.36e-16 7.62e-17  -0.000   -3.38
P05582   6.961   1.002 2.00e-13 1.19e-13 5.63e-14   0.001   -2.27
P01795   6.846   0.860 2.17e-13 9.31e-14 5.34e-14   0.000   -2.55
P05899   6.922   0.217 6.35e-17 4.90e-17 3.16e-17   0.000   -3.79
P00378   6.870   0.511 2.69e-17 2.39e-17 1.76e-17   0.000   -3.72
P02502   6.791   1.018 6.93e-16 4.41e-16 2.28e-16   0.001   -1.90
P07407   6.920   0.940 1.19e-17 1.26e-17 1.02e-17   0.002   -2.05
P09763   6.966   0.132 1.40e-14 6.96e-15 3.02e-15  -0.000   -4.14
P00104   6.880   6.012 2.79e-17 4.77e-17 5.68e-17   0.010   -1.42
P07452   7.060   9.482 2.40e-15 2.10e-15 1.36e-15   0.006   -3.00
P07771   7.023   1.809 1.30e-15 9.75e-16 3.80e-16   0.002   -0.37
P02521   7.029   0.696 1.70e-14 8.21e-15 3.51e-15   0.001   -3.41
P00404   7.058   1.372 6.11e-16 3.77e-16 1.90e-16   0.001   -1.98
P04631   7.015   0.195 2.23e-15 1.24e-15 6.28e-16  -0.000   -4.16
P00840   7.045   0.532 6.89e-17 5.72e-17 3.22e-17  -0.001   -3.30
P08185   7.107   8.499 6.87e-17 3.41e-17 1.61e-17   0.010   -2.36
P07790   7.044   6.149 1.13e-15 1.07e-15 8.41e-16   0.008   -1.97
P01888   7.127   0.528 3.54e-17 3.51e-17 2.32e-17  -0.000   -3.38
P00407   7.037   3.798 1.29e-13 3.51e-13 5.91e-13   0.000   -0.89
P01235   7.101   0.407 1.40e-15 7.97e-16 3.62e-16   0.004   -4.02
P05503   7.107  14.284 7.13e-12 6.80e-12 5.19e-12   0.005   -1.89
P08759   7.206   6.207 8.91e-13 3.10e-12 6.83e-12   0.008   -1.60
P06653   7.082   4.851 9.06e-12 4.84e-12 2.43e-12   0.010   -1.31
P09321   7.094   7.449 2.61e-14 1.76e-14 9.70e-15   0.009   -2.01
P03252   7.295   0.164 2.52e-15 1.47e-15 7.01e-16  -0.000   -3.79
P09830   7.284   0.242 1.35e-15 8.39e-16 3.75e-16   0.001   -4.46
P05459   7.320   0.813 1.43e-16 9.95e-17 6.04e-17   0.003   -2.53
P02414   7.371   0.504 1.48e-16 1.01e-16 6.16e-17   0.001   -3.95
P05796   7.476   0.713 1.01e-14 4.46e-15 2.28e-15  -0.000   -3.45
P00320   7.324   0.553 5.25e-17 4.64e-17 2.99e-17   0.001   -3.11
P06060   7.403   0.193 8.00e-16 4.44e-16 2.70e-16   0.003   -4.24
P01586   7.286   5.379 5.23e-15 4.78e-15 2.94e-15   0.007   -1.76
P07733   7.506   7.659 5.91e-13 3.17e-13 1.43e-13   0.010   -2.70
P03732   7.508  14.238 1.26e-16 1.42e-16 1.36e-16   0.006   -1.31
P10304   7.475   0.793 1.20e-13 5.85e-14 2.54e-14   0.002   -1.16
P05591   7.576   6.773 5.20e-14 3.23e-14 1.66e-14   0.010   -2.29
P08237   7.658   3.140 1.47e-16 1.74e-16 1.30e-16   0.005   -4.19
P01097   7.587  14.217 3.08e-15 2.15e-15 1.44e-15   0.004   -1.97
P05411   7.688   4.963 2.09e-13 1.17e-13 5.82e-14   0.011   -2.05
P00412   7.545   0.325 2.10e-15 1.18e-15 6.41e-16   0.000   -3.90
P09656   7.810   0.176 3.99e-16 2.47e-16 1.49e-16  -0.000   -3.95
P02915   7.783   8.485 1.13e-13 6.05e-14 3.36e-14   0.009   -2.87
P04145   7.874  10.964 8.64e-15 5.02e-15 2.81e-15   0.002   -2.30
P04893   7.859   4.814 4.20e-17 7.21e-17 7.44e-17   0.009   -1.73
P01231   7.878   7.274 7.43e-14 4.38e-14 2.30e-14   0.007   -2.94
P04208   8.014   6.683 8.09e-13 3.75e-13 1.64e-13   0.009   -2.81
P01223   7.953   7.150 7.18e-14 4.42e-14 2.34e-14   0.009   -2.78
P06108   8.023   3.056 6.97e-15 4.05e-15 2.05e-15   0.002   -1.15
P04497   7.997   2.531 7.37e-14 3.77e-14 1.73e-14   0.003   -1.92
P02677   8.008   6.190 3.52e-13 1.71e-13 8.54e-14   0.008   -2.58
P10362   8.050   1.734 3.48e-14 1.80e-14 8.07e-15   0.001   -1.20
P00846   8.097   7.631 2.19e-14 1.30e-14 7.50e-15   0.008   -2.35
P06771   8.146   5.978 3.48e-17 5.23e-17 6.48e-17   0.010   -2.33
P05381   8.253   4.773 2.80e-13 1.40e-13 6.51e-14   0.007   -4.22
P00778   8.171   6.224 3.48e-15 2.90e-15 2.03e-15   0.009   -2.86
P08595   8.355   9.781 7.29e-17 1.04e-16 1.12e-16   0.009   -3.44
P00518   8.289  14.711 6.70e-17 8.65e-17 8.53e-17   0.005   -2.13
P07533   8.405  14.061 3.22e-13 1.73e-13 6.30e-14   0.006   -2.18
P06259   8.573   4.375 2.72e-14 1.51e-14 7.89e-15   0.004   -0.90
P05189   8.478   1.782 6.24e-13 3.37e-13 1.58e-13   0.004   -1.21
P03854   8.356   7.400 2.08e-15 2.13e-15 1.31e-15   0.008   -3.13
P08553   8.555   3.111 2.12e-13 1.16e-13 5.41e-14   0.007   -4.31
P01757   8.605   0.878 9.00e-17 1.25e-16 1.06e-16   0.008   -4.22
P03655   8.592  14.232 2.47e-16 2.53e-16 1.97e-16   0.004   -2.36
P04676   8.597   3.183 3.17e-13 1.48e-13 7.02e-14   0.005   -4.29
P04992   8.760   7.044 2.44e-17 3.93e-17 5.25e-17   0.010   -2.60
P10013   8.807   0.292 3.13e-14 1.55e-14 7.18e-15   0.004   -2.04
P02234   8.762   7.030 4.44e-13 2.45e-13 1.14e-13   0.009   -2.98
P09908   8.818   8.606 1.79e-15 1.74e-15 1.14e-15   0.007   -2.46
P00734   8.828   0.107 1.15e-14 7.53e-15 3.42e-15   0.004   -2.38
P05090   8.983   0.402 1.64e-13 8.63e-14 3.35e-14   0.002   -2.22
P09873   9.061   0.822 9.77e-14 5.66e-14 2.44e-14   0.004   -1.60
P03213   9.017   1.422 3.18e-15 2.06e-15 1.44e-15   0.004   -2.33
P08679   9.204   3.703 2.80e-15 2.28e-15 1.62e-15   0.009   -2.75
P08053   9.074   0.115 2.82e-14 1.53e-14 7.28e-15   0.002   -2.47
P06413   9.299   3.987 1.75e-14 1.33e-14 7.41e-15   0.011   -2.27
P09701   9.203   6.753 4.57e-16 3.42e-16 2.09e-16   0.002   -0.96
P02043   9.349   7.436 5.66e-13 2.95e-13 1.29e-13   0.007   -3.46
P09337   9.255   7.458 5.55e-17 6.49e-17 4.74e-17   0.003   -1.03
P08429   9.404   0.306 4.72e-15 3.14e-15 1.71e-15   0.004   -2.59
P02056   9.421   8.267 4.79e-14 2.44e-14 1.04e-14   0.003   -1.06
P00906   9.414   8.059 2.79e-16 3.00e-16 2.60e-16   0.006   -2.86
P09925   9.488   0.338 1.05e-13 4.90e-14 2.11e-14   0.003   -2.66
P04161   9.520   7.930 3.49e-14 2.20e-14 1.32e-14   0.007   -3.08
P00529   9.414   6.471 1.96e-16 1.63e-16 1.20e-16   0.001   -0.90
P07895   9.645   7.352 6.07e-14 3.24e-14 1.71e-14   0.008   -3.46
P01173   9.562  14.542 2.89e-15 2.10e-15 1.13e-15   0.006   -2.49
P04114   9.596   0.899 5.25e-15 3.58e-15 2.01e-15   0.005   -2.63
P07086   9.683   6.477 1.55e-16 1.83e-16 1.78e-16   0.010   -2.96
P08107   9.526   6.879 2.69e-11 1.85e-11 1.23e-11   0.009   -3.53
P07243   9.645   9.329 2.48e-16 1.06e-16 4.67e-17   0.006   -3.65
P06464   9.689   6.811 2.23e-15 2.06e-15 1.44e-15   0.010   -3.43
P01818   9.968   6.866 3.82e-15 2.04e-15 9.92e-16   0.003   -1.00
P02012   9.847   0.151 7.28e-17 6.69e-17 5.60e-17   0.002   -1.69
P01163   9.950  11.443 1.12e-15 7.10e-16 4.61e-16   0.001   -1.40
P07596  10.043   0.507 1.02e-16 1.15e-16 9.50e-17   0.003   -3.11
P01563  10.046   5.118 3.98e-13 1.99e-13 9.97e-14   0.005   -4.31
P01518  10.287   8.714 3.63e-14 2.32e-14 1.06e-14   0.008   -2.95
P01687  10.304   5.863 2.23e-14 1.33e-14 5.50e-15   0.002   -1.01
P08714  10.257   4.773 1.02e-14 6.53e-15 5.19e-15   0.010   -2.68
P05120  10.255   0.743 3.14e-16 2.99e-16 2.28e-16   0.005   -3.35
P06481  10.249   6.889 4.49e-17 5.16e-17 4.32e-17   0.003   -1.15
P01792  10.358   1.397 2.45e-16 2.39e-16 1.93e-16   0.005   -4.06
P08944  10.353   1.838 1.85e-17 2.21e-17 1.96e-17   0.003   -1.57
P03107  10.193   0.465 3.07e-14 1.63e-14 8.31e-15   0.002   -3.43
P04120  10.321   6.124 7.09e-14 3.39e-14 1.28e-14   0.003   -1.08
P08672  10.276   6.121 7.88e-16 5.20e-16 3.26e-16   0.002   -1.06
P00363  10.414   0.147 5.01e-14 2.87e-14 1.33e-14   0.004   -3.56
P07340  10.380   0.161 1.09e-15 9.77e-16 6.55e-16   0.007   -4.31
P08849  10.475   5.306 1.68e-16 8.55e-17 3.14e-17   0.008   -3.55
P00152  10.585   7.113 1.59e-12 1.30e-12 8.75e-13   0.003   -1.20
P08600  10.529   9.136 7.93e-14 5.55e-14 2.65e-14   0.008   -3.28
P06037  10.639   7.158 7.13e-16 8.03e-16 7.11e-16   0.009   -3.13
P08473  10.685   4.178 5.04e-15 3.02e-15 1.65e-15   0.002   -1.35
P00607  10.559   5.372 2.58e-14 1.44e-14 6.35e-15   0.004   -1.11
P09394  10.782  14.610 1.16e-17 1.85e-17 2.33e-17   0.003   -2.96
P04624  10.843   1.073 1.39e-16 1.23e-16 9.63e-17   0.003   -1.71
P04855  10.764  14.957 9.25e-12 5.37e-12 2.83e-12   0.005   -3.30
P03548  10.840   5.784 5.56e-16 3.69e-16 2.14e-16   0.002   -1.13
P00178  10.913   4.474 1.24e-17 1.39e-17 1.42e-17   0.005   -1.27
P00183  11.015   4.836 2.86e-14 1.73e-14 8.18e-15   0.001   -1.25
P08304  11.015   3.808 1.45e-17 7.28e-18 3.92e-18   0.002   -1.48
P04743  11.117   2.790 9.77e-13 5.15e-13 2.52e-13   0.003   -1.64
P02161  11.171   1.118 1.26e-13 6.21e-14 2.51e-14   0.003   -3.37
P09619  11.270   3.070 1.29e-17 1.78e-17 1.67e-17   0.001   -1.61
P04541  11.177   5.680 3.70e-17 4.04e-17 3.56e-17   0.004   -1.18
P07493  11.154   7.364 7.37e-15 4.20e-15 2.01e-15   0.003   -1.35
P03872  11.313   8.273 8.16e-14 4.23e-14 1.87e-14   0.002   -1.46
P10371  11.218   5.657 3.97e-14 1.96e-14 8.54e-15   0.003   -1.18
P10087  11.273   8.577 1.58e-17 7.82e-18 3.78e-18   0.003   -1.51
P05156  11.347   2.571 9.80e-12 7.19e-12 5.36e-12   0.006   -4.43
P00141  11.392  14.676 1.88e-12 1.08e-12 6.86e-13   0.002   -1.72
P01047  11.438   8.328 8.55e-14 5.21e-14 2.58e-14   0.010   -3.57
P04964  11.602   8.415 2.30e-17 1.19e-17 5.40e-18   0.007   -3.82
P10288  11.610   1.639 3.08e-14 1.37e-14 7.74e-15   0.005   -3.53
P00490  11.630   1.454 2.33e-15 1.84e-15 9.37e-16   0.003   -3.62
P09623  11.590   0.438 1.29e-13 6.02e-14 2.55e-14   0.002   -4.11
P09353  11.672   6.444 5.02e-16 3.70e-16 2.55e-16   0.001   -1.41
P04307  11.695   0.789 1.37e-17 1.53e-17 2.14e-17   0.004   -3.84
P05690  11.824   7.886 6.21e-13 3.10e-13 1.43e-13   0.009   -3.74
P09940  11.664   5.190 1.57e-12 1.07e-12 5.53e-13   0.003   -1.44
P04885  11.697   9.943 1.80e-14 1.15e-14 6.61e-15   0.009   -3.18
P07743  11.860  10.215 9.53e-17 1.17e-16 1.29e-16   0.008   -3.76
P01604  12.066  10.875 1.51e-11 8.19e-12 4.78e-12   0.007   -3.16
P00279  11.968   4.476 5.83e-17 6.27e-17 5.38e-17   0.002   -1.55
P10450  11.929   4.540 2.12e-14 1.10e-14 5.76e-15   0.003   -1.66
P07360  11.871   3.101 3.38e-14 1.68e-14 8.30e-15   0.000   -1.88
P05564  12.101   5.567 5.58e-14 2.85e-14 1.18e-14   0.002   -1.49
P01113  11.982   0.427 3.68e-17 4.72e-17 3.92e-17   0.005   -4.11
P01958  12.026   4.111 9.84e-12 6.69e-12 2.98e-12   0.005   -4.43
P09467  11.956   8.157 8.82e-15 5.63e-15 3.66e-15   0.008   -2.92
P05475  12.253   7.439 1.83e-14 1.37e-14 7.71e-15   0.009   -4.03
P07406  12.389   5.404 2.73e-17 2.58e-17 2.75e-17   0.003   -1.70
P02892  12.464   3.562 4.44e-14 2.57e-14 1.09e-14   0.002   -2.04
P08137  12.455   5.817 7.01e-17 7.17e-17 5.00e-17   0.002   -1.62
P08154  12.470   5.081 4.39e-15 2.31e-15 1.25e-15   0.004   -1.88
P07488  12.442   5.016 3.70e-17 4.28e-17 3.30e-17   0.002   -1.93
P05394  12.427   6.398 5.41e-17 4.83e-17 4.03e-17   0.003   -1.74
P02513  12.542   5.802 1.08e-16 1.03e-16 6.80e-17   0.003   -1.73
P05488  12.634   4.699 3.72e-15 2.26e-15 1.16e-15   0.001   -2.00
P06080  12.576   5.665 1.45e-12 8.62e-13 4.16e-13   0.001   -1.78
P01635  12.567   5.540 1.82e-14 9.31e-15 5.06e-15   0.002   -1.92
P10435  12.638   5.185 1.09e-14 6.25e-15 2.95e-15   0.002   -2.05
P00210  12.618   5.405 7.80e-16 5.36e-16 3.43e-16   0.003   -1.96
P06964  12.658   6.351 1.38e-16 1.42e-16 1.08e-16   0.003   -3.19
P05420  12.748   3.432 1.30e-14 9.73e-15 4.95e-15   0.006   -4.51
P01229  12.722   7.756 4.03e-15 2.47e-15 1.26e-15   0.002   -1.95
P08124  12.566   5.557 1.11e-12 5.60e-13 2.66e-13   0.004   -2.20
P05586  12.791  14.489 9.74e-15 6.26e-15 3.80e-15   0.006   -3.41
P08143  12.671  10.074 3.06e-17 6.05e-17 6.10e-17   0.006   -4.00
P02225  12.702   8.374 3.26e-17 5.44e-17 5.79e-17   0.007   -3.93
P00290  12.719   5.524 1.76e-12 1.08e-12 6.83e-13   0.003   -2.35
P06737  12.830   1.220 2.23e-14 1.24e-14 6.80e-15   0.004   -4.49
P08169  12.838   5.429 1.30e-17 1.48e-17 1.64e-17   0.000   -2.40
P04386  12.926   3.810 1.21e-12 6.66e-13 2.93e-13   0.003   -2.26
P00416  12.950   3.698 1.19e-12 1.41e-12 9.73e-13   0.003   -2.24
P08003  12.716   5.636 1.13e-12 6.17e-13 2.85e-13   0.002   -2.30
P04093  12.871   4.768 4.18e-16 3.16e-16 2.07e-16   0.002   -2.28
P08043  12.932   5.742 1.69e-12 1.34e-12 9.19e-13   0.002   -2.33
P06691  12.854   7.796 4.19e-16 4.83e-16 4.48e-16   0.010   -3.39
P06672  12.930   5.605 3.61e-16 3.29e-16 1.85e-16   0.002   -2.26
P01906  13.085   1.496 1.54e-14 7.21e-15 3.68e-15   0.003   -2.28
P02030  13.003   7.684 6.32e-15 5.03e-15 3.10e-15   0.011   -4.11
P02608  13.071   6.901 2.94e-12 3.32e-12 3.42e-12   0.003   -4.86
P08445  12.973  10.480 2.09e-15 1.74e-15 1.17e-15   0.007   -3.10
P09750  12.937   5.764 5.38e-17 5.37e-17 4.30e-17   0.002   -2.49
P07294  13.107   1.613 6.32e-16 5.32e-16 3.59e-16   0.003   -4.03
P06861  13.125   5.002 7.40e-13 3.43e-13 1.71e-13   0.005   -2.57
P06148  13.200   5.334 5.64e-17 2.71e-17 1.24e-17   0.002   -2.60
P09147  13.195   5.830 2.22e-14 1.23e-14 4.82e-15   0.002   -2.49
P10102  13.285   5.807 2.15e-15 1.33e-15 7.49e-16   0.003   -2.58
P09569  13.385   8.603 3.21e-17 3.20e-17 3.26e-17   0.002   -2.18
P01709  13.350   5.185 1.36e-14 8.27e-15 4.07e-15   0.003   -2.70
P08176  13.405   6.577 2.17e-17 2.54e-17 2.29e-17   0.003   -2.50
P01541  13.452   3.519 5.89e-13 2.88e-13 1.33e-13   0.004   -2.45
P03347  13.628   4.072 1.66e-17 8.51e-18 3.80e-18   0.002   -2.52
P01178  13.639   4.429 4.19e-15 2.30e-15 1.18e-15   0.003   -2.68
P09198  13.678  10.382 8.77e-13 4.73e-13 1.80e-13   0.006   -3.79
P09878  13.727   1.035 9.36e-17 9.21e-17 7.66e-17   0.003   -4.25
P04261  13.980   3.883 2.11e-17 2.71e-17 2.06e-17   0.003   -2.67
P08889  13.908   4.775 2.30e-15 1.62e-15 8.56e-16   0.001   -2.86
P06052  13.972   8.428 5.96e-17 1.01e-16 1.01e-16   0.011   -3.86
P04133  14.012   4.761 1.40e-12 5.59e-13 2.75e-13   0.009   -3.34
P03330  14.104   5.939 1.86e-17 2.28e-17 1.99e-17   0.001   -2.88
P05194  14.174   4.058 1.77e-17 2.15e-17 1.83e-17   0.002   -2.80
P01021  14.360  11.464 7.64e-17 7.20e-17 5.91e-17   0.002   -2.27
P07458  14.335   8.968 4.38e-13 2.33e-13 1.11e-13   0.010   -4.36
P07379  14.590  14.095 3.00e-13 1.57e-13 7.02e-14   0.005   -3.55
P07316  14.578   9.152 1.35e-13 8.36e-14 4.37e-14   0.013   -3.23
P06564  14.516   6.612 5.17e-15 3.46e-15 2.07e-15   0.005   -4.36
P09822  14.608   0.526 1.33e-14 8.22e-15 4.34e-15   0.003   -4.55
P06813  14.615  12.140 5.63e-13 9.53e-13 1.06e-12   0.002   -2.29
P05400  14.529  12.293 2.12e-15 1.85e-15 1.18e-15   0.006   -3.24
P08252  14.764   9.480 2.18e-13 1.14e-13 5.73e-14   0.009   -4.38
P06693  14.698   4.073 7.88e-14 4.01e-14 1.90e-14   0.003   -3.79
P09932  14.752   4.948 7.02e-17 7.03e-17 4.94e-17   0.003   -3.00
P07134  14.816   8.577 3.09e-17 2.86e-17 2.76e-17   0.004   -2.62
P04177  14.956   8.058 9.03e-16 8.29e-16 7.42e-16   0.009   -4.09
P01868  14.933   7.133 1.43e-16 1.32e-16 8.10e-17   0.003   -2.85
P08281  14.945  11.061 7.82e-17 9.09e-17 8.85e-17   0.003   -3.28
