name x y flux0 flux1 flux2 width rv
F10992   4.032   0.186 7.27e-17 4.20e-17 2.95e-17 18.41 -545.36
F10988   4.132   0.229 6.89e-17 5.01e-17 3.09e-17 14.95 -545.49
F10986   4.199   0.093 5.29e-17 3.33e-17 2.36e-17 26.11 -545.27
F10987   4.318   0.078 6.36e-17 5.96e-17 2.74e-17 21.79 -545.19
F10995   4.345   0.059 7.32e-17 5.75e-17 3.46e-17 19.26 -545.25
F10994   4.380   0.016 8.84e-17 4.15e-17 4.09e-17 23.63 -545.50
F10993   4.385   0.040 2.86e-17 2.39e-17 1.50e-17 24.30 -545.43
F10990   4.414   0.154 8.59e-17 4.91e-17 3.21e-17 20.93 -545.47
F10985   5.091   0.847 4.99e-17 3.70e-17 2.25e-17 24.09 -545.23
F10219  13.401  11.914 2.84e-16 1.74e-16 1.14e-16 58.21 -268.19
F10221  13.795  13.618 2.71e-16 1.86e-16 1.18e-16 66.76 -268.39
F10232  14.194  13.886 3.28e-16 3.17e-16 1.44e-16 52.33 -268.36
F10228  14.373  13.100 2.54e-16 1.87e-16 1.23e-16 34.36 -268.51
F10222  14.379  13.328 3.46e-16 2.18e-16 1.43e-16 49.71 -268.46
F10223  14.396  13.447 1.93e-16 1.48e-16 8.09e-17 41.48 -268.51
F10218  14.405  13.389 2.03e-16 1.37e-16 1.17e-16 52.18 -268.44
F10229  14.495  13.144 2.98e-16 1.92e-16 1.11e-16 43.65 -268.55
F10227  14.511  13.262 3.12e-16 1.97e-16 1.85e-16 54.75 -268.35
F10226  14.538  13.340 2.26e-16 2.04e-16 1.12e-16 20.39 -268.34
F10230  14.554  13.713 2.24e-16 1.34e-16 9.52e-17 37.21 -268.44
F10224  14.637  13.523 2.73e-16 2.37e-16 1.20e-16 32.11 -268.24
F10225  14.860  13.022 2.55e-16 2.06e-16 1.10e-16 48.28 -268.56
F10220  14.886  14.117 3.21e-16 1.77e-16 1.23e-16 42.32 -268.34
