name x y flux0 flux1 flux2 width rv
F05784  -5.219  12.133 3.25e-17 2.81e-17 1.65e-17 13.01 -712.31
F05786  -5.118  12.401 3.40e-17 2.13e-17 1.57e-17 11.84 -712.31
F05789  -5.033  12.635 4.56e-17 3.17e-17 1.82e-17 19.44 -712.21
F05752  -5.011  12.308 3.19e-17 2.76e-17 1.44e-17 20.38 -712.36
F05755  -5.010  12.187 4.02e-17 2.83e-17 1.81e-17 30.79 -712.50
F05780  -5.003  12.112 4.38e-17 3.38e-17 2.57e-17 13.99 -712.46
F05756  -4.998  12.302 5.08e-17 3.24e-17 2.21e-17 17.74 -712.20
F05762  -4.969  12.340 3.96e-17 2.95e-17 2.31e-17 17.59 -712.57
F05792  -4.966  12.078 2.97e-17 2.13e-17 1.68e-17 13.81 -712.42
F05770  -4.962  12.176 3.74e-17 2.13e-17 1.62e-17 11.93 -712.36
F05758  -4.962  12.152 2.65e-17 2.03e-17 1.19e-17 19.96 -712.32
F05774  -4.930  12.194 3.45e-17 2.38e-17 1.33e-17 19.65 -712.30
F05750  -4.922  12.159 4.44e-17 3.69e-17 2.33e-17 25.46 -712.26
F05768  -4.919  12.205 4.31e-17 4.00e-17 2.00e-17 13.64 -712.35
F05748  -4.916  11.815 2.83e-17 2.20e-17 1.31e-17 16.80 -712.37
F05766  -4.912  12.193 3.31e-17 2.50e-17 1.44e-17 17.23 -712.17
F05783  -4.907  12.185 3.92e-17 2.36e-17 1.61e-17 15.98 -712.38
F05772  -4.906  12.186 4.35e-17 3.27e-17 1.90e-17 14.29 -712.43
F05759  -4.906  12.187 5.34e-17 3.40e-17 1.69e-17 13.63 -712.19
F05760  -4.902  12.185 4.42e-17 2.88e-17 2.05e-17  9.40 -712.31
F05788  -4.901  12.181 3.73e-17 2.93e-17 2.33e-17 25.15 -712.35
F05747  -4.901  12.235 4.13e-17 2.54e-17 1.38e-17 13.09 -712.24
F05776  -4.901  12.190 3.22e-17 1.98e-17 1.45e-17 20.11 -712.35
F05769  -4.899  12.181 3.22e-17 2.03e-17 1.50e-17 10.12 -712.40
F05778  -4.898  12.188 4.38e-17 3.03e-17 2.47e-17 17.71 -712.27
F05757  -4.896  12.185 4.55e-17 2.29e-17 1.70e-17 11.64 -712.25
F05746  -4.894  12.200 4.09e-17 3.95e-17 2.09e-17 13.45 -712.39
F05767  -4.889  12.168 3.54e-17 2.67e-17 1.65e-17 21.15 -712.34
F05790  -4.888  12.386 4.35e-17 2.92e-17 1.64e-17 19.21 -712.12
F05782  -4.888  12.168 3.98e-17 3.39e-17 1.71e-17 15.39 -712.32
F05785  -4.885  12.189 2.91e-17 1.88e-17 1.21e-17 17.43 -712.33
F05745  -4.880  12.136 4.19e-17 3.51e-17 2.04e-17 15.85 -712.03
F05775  -4.878  12.173 4.22e-17 3.30e-17 2.28e-17 18.79 -712.17
F05773  -4.875  12.095 3.43e-17 2.38e-17 1.45e-17 15.73 -712.47
F05753  -4.865  12.188 4.02e-17 2.45e-17 2.31e-17 11.08 -712.32
F05761  -4.860  12.114 3.08e-17 1.98e-17 1.48e-17 24.21 -712.39
F05781  -4.860  12.232 4.90e-17 3.07e-17 1.83e-17 16.30 -712.48
F05751  -4.852  12.194 3.73e-17 2.37e-17 1.90e-17 14.16 -712.33
F05764  -4.834  11.829 4.95e-17 3.44e-17 2.00e-17 11.70 -712.44
F05777  -4.834  12.170 3.52e-17 2.11e-17 1.60e-17 15.92 -712.35
F05763  -4.823  12.337 4.20e-17 2.90e-17 2.65e-17 19.49 -712.18
F05771  -4.800  12.036 4.27e-17 2.76e-17 2.06e-17 16.12 -712.19
F05765  -4.758  12.126 4.01e-17 3.13e-17 1.84e-17  8.27 -712.15
F05754  -4.756  12.176 4.74e-17 3.17e-17 2.63e-17 13.60 -712.33
F05749  -4.733  11.960 4.51e-17 2.68e-17 1.96e-17  9.40 -712.23
F05791  -4.692  11.801 4.00e-17 2.31e-17 1.53e-17 17.75 -712.34
F05787  -4.678  11.980 4.17e-17 2.07e-17 1.83e-17  9.14 -712.27
F05779  -4.655  12.011 4.27e-17 2.41e-17 1.86e-17 14.42 -712.55
F10903  -4.377   8.059 3.94e-17 2.31e-17 1.73e-17 25.18 -818.36
F10933  -4.318   7.646 3.61e-17 2.43e-17 1.67e-17 15.21 -818.30
F10912  -4.236   8.135 3.78e-17 2.24e-17 1.79e-17 15.84 -817.98
F10932  -4.204   7.571 3.07e-17 2.49e-17 1.57e-17 16.09 -818.25
F10910  -4.185   7.560 2.02e-17 1.31e-17 8.18e-18 10.35 -818.22
F10920  -4.173   8.099 2.96e-17 2.03e-17 1.16e-17 11.93 -818.14
F10924  -4.159   8.011 2.19e-17 1.58e-17 1.06e-17 11.67 -818.33
F10908  -4.154   7.957 2.53e-17 1.97e-17 1.66e-17 14.60 -818.29
F10938  -4.154   7.852 2.37e-17 1.37e-17 9.82e-18 10.11 -818.21
F10919  -4.147   8.057 2.44e-17 1.41e-17 1.13e-17 18.59 -818.03
F10925  -4.137   8.002 2.37e-17 2.11e-17 1.24e-17 11.20 -818.20
F10901  -4.129   8.046 4.84e-17 2.84e-17 1.76e-17 13.54 -818.17
F10913  -4.126   8.039 3.49e-17 2.57e-17 1.50e-17 11.32 -818.10
F10926  -4.124   8.078 3.33e-17 2.27e-17 1.67e-17  8.66 -818.25
F10936  -4.121   8.194 2.32e-17 1.59e-17 9.81e-18  9.72 -818.18
F10918  -4.121   8.031 2.94e-17 2.56e-17 1.75e-17 14.62 -818.28
F10917  -4.120   7.970 2.36e-17 2.27e-17 1.44e-17 10.15 -818.24
F10937  -4.116   8.013 2.93e-17 2.43e-17 1.33e-17 11.13 -818.20
F10929  -4.116   8.056 3.20e-17 2.71e-17 1.77e-17  9.16 -818.11
F10930  -4.114   7.963 4.06e-17 2.30e-17 1.73e-17 13.20 -818.20
F10939  -4.112   8.044 2.76e-17 1.98e-17 1.21e-17 10.95 -818.21
F10916  -4.108   8.002 2.91e-17 2.52e-17 1.35e-17 14.00 -818.15
F10935  -4.107   7.995 2.50e-17 1.54e-17 1.28e-17  9.91 -818.33
F10941  -4.107   8.036 2.85e-17 2.43e-17 1.31e-17 16.46 -818.26
F10922  -4.105   8.034 1.87e-17 1.40e-17 1.02e-17 15.80 -818.17
F10928  -4.096   8.012 3.00e-17 2.18e-17 1.35e-17 13.55 -818.16
F10907  -4.093   8.020 2.55e-17 1.49e-17 9.77e-18  9.73 -818.37
F10923  -4.093   8.042 2.87e-17 2.27e-17 1.27e-17 12.85 -818.10
F10906  -4.081   7.894 3.33e-17 2.22e-17 1.38e-17 15.34 -818.08
F10900  -4.078   8.032 3.55e-17 2.38e-17 1.71e-17 18.19 -818.18
F10909  -4.062   8.040 3.72e-17 2.07e-17 1.48e-17 11.12 -818.04
F10905  -4.058   8.027 2.49e-17 1.28e-17 1.10e-17 19.27 -818.36
F10911  -4.030   7.999 2.97e-17 2.26e-17 1.81e-17 14.64 -818.22
F10921  -4.023   7.974 3.74e-17 1.86e-17 1.64e-17 15.49 -818.17
F10927  -4.015   8.112 3.14e-17 1.87e-17 1.11e-17 12.72 -818.15
F10940  -3.980   8.000 2.63e-17 1.85e-17 1.24e-17 14.40 -818.14
F10915  -3.972   7.972 3.92e-17 2.34e-17 1.38e-17 11.14 -818.32
F10914  -3.948   8.038 2.38e-17 1.63e-17 1.19e-17  4.56 -818.19
F10934  -3.936   8.144 3.53e-17 2.13e-17 1.31e-17 11.30 -818.31
F10931  -3.923   7.955 3.82e-17 2.27e-17 1.64e-17 11.27 -818.30
F10904  -3.923   8.165 2.83e-17 2.29e-17 1.36e-17 19.17 -818.25
F10902  -3.868   7.830 2.85e-17 1.73e-17 1.06e-17 15.13 -818.18
