name x y flux0 flux1 flux2 width rv
F03773  25.956   3.951 1.94e-16 1.48e-16 8.36e-17 37.79 -303.25
F03750  26.664   1.578 2.56e-16 1.83e-16 1.02e-16 34.67 -303.49
F03761  26.812   1.359 1.98e-16 1.12e-16 8.98e-17 56.72 -303.42
F03759  26.824   4.350 2.16e-16 1.44e-16 9.10e-17 53.53 -303.35
F03769  27.236   2.987 1.87e-16 1.42e-16 7.26e-17 43.17 -303.35
F03774  27.315   2.262 2.34e-16 1.57e-16 9.26e-17 29.40 -303.41
F03740  27.317   0.750 2.07e-16 1.47e-16 1.17e-16 27.76 -303.69
F03772  27.372   1.916 2.27e-16 2.06e-16 1.18e-16 31.31 -303.70
F03762  27.505   1.893 1.81e-16 1.03e-16 5.67e-17 28.22 -303.39
F03735  27.510   2.313 2.00e-16 1.44e-16 9.88e-17 33.20 -303.63
F03752  27.532   1.989 2.74e-16 1.54e-16 1.31e-16 21.21 -303.59
F03736  27.535   2.633 1.97e-16 1.05e-16 8.01e-17 33.56 -303.52
F03747  27.563   2.248 2.03e-16 1.38e-16 1.03e-16 49.44 -303.53
F03771  27.573   2.185 1.36e-16 1.05e-16 6.00e-17 57.38 -303.54
F03744  27.593   1.980 1.77e-16 1.01e-16 6.84e-17 27.55 -303.60
F03767  27.624   2.081 1.99e-16 1.52e-16 1.18e-16 33.90 -303.63
F03742  27.641   2.192 2.13e-16 1.86e-16 1.11e-16 31.03 -303.75
F03749  27.656   2.085 2.16e-16 1.45e-16 8.55e-17 36.47 -303.65
F03765  27.664   2.068 2.27e-16 1.56e-16 8.33e-17 33.68 -303.49
F03751  27.664   1.899 1.92e-16 1.67e-16 1.13e-16 34.85 -303.57
F03743  27.679   2.113 2.23e-16 1.50e-16 9.06e-17 22.98 -303.50
F03734  27.683   2.087 2.64e-16 1.53e-16 1.01e-16 30.47 -303.55
F03741  27.695   1.959 2.24e-16 1.80e-16 1.22e-16 22.88 -303.67
F03776  27.702   2.160 2.68e-16 1.28e-16 1.09e-16 28.01 -303.64
F03757  27.705   2.083 1.60e-16 1.32e-16 7.62e-17 40.51 -303.46
F03746  27.717   1.480 1.97e-16 1.32e-16 7.27e-17 31.16 -303.43
F03760  27.730   2.488 1.65e-16 1.25e-16 9.87e-17 45.45 -303.51
F03775  27.740   2.283 2.57e-16 2.24e-16 1.41e-16 43.37 -303.69
F03739  27.751   2.248 1.44e-16 9.87e-17 7.26e-17 31.94 -303.56
F03745  27.778   1.696 1.89e-16 1.27e-16 6.01e-17 35.70 -303.50
F03748  27.799   1.602 2.15e-16 1.50e-16 1.66e-16 58.48 -303.59
F03758  27.804   2.137 2.06e-16 1.43e-16 1.17e-16 19.27 -303.47
F03763  27.851   3.688 1.75e-16 1.09e-16 8.00e-17 32.51 -303.51
F03764  27.897   2.135 1.69e-16 1.54e-16 8.37e-17 34.67 -303.61
F03737  27.897   2.813 2.38e-16 1.57e-16 1.11e-16 35.99 -303.38
F03755  27.922   1.770 2.98e-16 2.29e-16 1.41e-16 33.61 -303.67
F03770  27.946   1.663 1.91e-16 1.53e-16 1.02e-16 57.04 -303.54
F03756  27.974   2.549 2.93e-16 1.96e-16 8.14e-17 42.81 -303.45
F03738  28.108   2.411 1.93e-16 1.26e-16 9.15e-17 41.15 -303.43
F03754  28.131   2.018 1.77e-16 1.45e-16 7.60e-17 33.40 -303.59
F03766  28.141   2.574 2.18e-16 1.54e-16 1.40e-16 40.04 -303.18
F03753  28.169   2.202 1.23e-16 9.16e-17 6.45e-17 30.69 -303.52
F03768  28.679   1.528 2.54e-16 1.23e-16 9.14e-17 34.02 -303.35
