F04628 30.437 118.163 4.62e-17 4.42e-17 2.25e-17 23.6 -585.86 223385.1711026616 FrontF05
F04614 30.438 118.0 5.95e-17 4.97e-17 3.84e-17 23.47 -585.88 223392.77566539924 FrontF05
F04643 30.449 117.691 5.73e-17 4.44e-17 2.3e-17 23.84 -585.8 223362.35741444866 FrontF05
F04637 30.465 117.677 6.5e-17 3.81e-17 3.04e-17 22.1 -586.1 223476.42585551334 FrontF05
F04651 30.468 117.541 5.79e-17 2.36e-17 2.1e-17 23.99 -585.84 223377.56653992398 FrontF05
F04658 30.473 117.687 7.52e-17 7.65e-17 3.23e-17 29.26 -585.95 223419.39163498103 FrontF05
F04640 30.477 117.715 3.68e-17 2.83e-17 2.22e-17 20.12 -585.9 223400.3802281369 FrontF05
F04666 30.478 117.659 4.55e-17 3.52e-17 2.47e-17 25.35 -586.07 223465.01901140687 FrontF05
F04611 30.494 117.776 3.69e-17 2.98e-17 1.69e-17 16.54 -585.93 223411.78707224334 FrontF05
F04648 30.52 118.018 5.27e-17 3.31e-17 2.51e-17 12.08 -586.07 223465.01901140687 FrontF05
F04665 30.521 117.427 4.48e-17 3.94e-17 2.43e-17 21.61 -586.05 223457.4144486692 FrontF05
F04661 30.538 117.812 5.22e-17 4.03e-17 2.35e-17 23.65 -585.78 223354.75285171103 FrontF05
F04623 30.538 118.041 5.45e-17 4.5e-17 1.82e-17 15.13 -585.77 223350.95057034222 FrontF05
F04634 30.544 117.519 6.88e-17 4.47e-17 3.73e-17 17.33 -585.9 223400.3802281369 FrontF05
F04619 30.548 117.721 4.96e-17 2.98e-17 1.96e-17 8.91 -585.92 223407.98479087453 FrontF05
F04655 30.565 117.737 8.11e-17 3.64e-17 2.62e-17 17.64 -585.93 223411.78707224334 FrontF05
F04615 30.567 117.738 4.8e-17 3.88e-17 2.33e-17 24.75 -586.07 223465.01901140687 FrontF05
F04625 30.573 117.697 5.73e-17 2.59e-17 2.26e-17 18.36 -585.76 223347.1482889734 FrontF05
F04638 30.573 117.699 6.27e-17 3.71e-17 2.47e-17 14.2 -585.9 223400.3802281369 FrontF05
F04622 30.573 117.686 7.76e-17 4.59e-17 2.58e-17 20.03 -585.78 223354.75285171103 FrontF05
F04635 30.575 117.679 5.16e-17 2.8e-17 2.49e-17 22.33 -586.03 223449.80988593155 FrontF05
F04644 30.58 117.699 6.14e-17 3.58e-17 2.72e-17 26.79 -585.82 223369.96197718635 FrontF05
F04659 30.582 117.709 7.16e-17 4.32e-17 2.17e-17 14.1 -585.93 223411.78707224334 FrontF05
F04631 30.582 117.709 6.6e-17 3.46e-17 3.17e-17 14.5 -585.9 223400.3802281369 FrontF05
F04626 30.584 117.674 3.91e-17 3.3e-17 2.37e-17 19.78 -585.88 223392.77566539924 FrontF05
F04650 30.589 117.696 6.21e-17 5.25e-17 2.77e-17 13.08 -585.87 223388.97338403043 FrontF05
F04662 30.591 117.7 5.99e-17 4.87e-17 3.11e-17 15.34 -585.89 223396.57794676808 FrontF05
F04656 30.597 117.521 5.08e-17 5.13e-17 3.22e-17 14.62 -585.85 223381.3688212928 FrontF05
F04639 30.598 117.689 6.32e-17 4.13e-17 2.8e-17 12.66 -585.79 223358.55513307985 FrontF05
F04649 30.6 117.669 8.83e-17 4.49e-17 2.92e-17 19.47 -585.94 223415.58935361222 FrontF05
F04616 30.602 117.747 9.53e-17 3.97e-17 3.35e-17 13.41 -585.82 223369.96197718635 FrontF05
F04629 30.602 117.766 4.26e-17 3.81e-17 2.35e-17 15.08 -585.93 223411.78707224334 FrontF05
F04657 30.603 117.673 6.22e-17 3.64e-17 2.23e-17 16.13 -585.99 223434.6007604563 FrontF05
F04641 30.603 117.607 6.6e-17 5.14e-17 3.03e-17 25.67 -585.96 223423.19391634985 FrontF05
F04645 30.607 117.637 5.1e-17 5.07e-17 2.73e-17 22.48 -585.99 223434.6007604563 FrontF05
F04660 30.607 117.677 5.22e-17 4.24e-17 3.03e-17 24.92 -585.89 223396.57794676808 FrontF05
F04664 30.611 117.698 7.16e-17 2.54e-17 2.84e-17 23.58 -586.03 223449.80988593155 FrontF05
F04632 30.639 117.833 5.36e-17 4.3e-17 2.4e-17 18.5 -585.86 223385.1711026616 FrontF05
F04618 30.659 117.893 6.62e-17 4.32e-17 2.32e-17 18.12 -585.82 223369.96197718635 FrontF05
F04617 30.749 117.882 5.89e-17 4.64e-17 2.82e-17 14.0 -585.74 223339.54372623577 FrontF05
F04636 30.764 117.688 5.21e-17 4.14e-17 3.15e-17 14.95 -585.77 223350.95057034222 FrontF05
F04652 30.786 117.816 5.85e-17 3.9e-17 2.45e-17 17.6 -585.98 223430.79847908748 FrontF05
F04653 30.797 117.905 7.36e-17 5.3e-17 2.75e-17 23.13 -585.88 223392.77566539924 FrontF05
