F05835 30.954 105.384 3.89e-16 1.94e-16 1.84e-16 28.06 -253.16 96883.26996197719 FrontF05
F05842 30.959 105.393 3.2e-16 2.06e-16 1.19e-16 33.41 -253.05 96841.44486692015 FrontF05
F05833 30.963 105.412 2.74e-16 1.72e-16 8.73e-17 39.89 -253.04 96837.64258555132 FrontF05
F05827 30.982 105.395 3.38e-16 2.32e-16 7.51e-17 33.45 -253.11 96864.25855513308 FrontF05
F05839 30.988 106.261 2.47e-16 2.3e-16 1.05e-16 62.09 -253.11 96864.25855513308 FrontF05
F05818 31.0 105.483 4.15e-16 2.25e-16 1.71e-16 26.51 -253.11 96864.25855513308 FrontF05
F05798 31.026 105.406 4.14e-16 2.58e-16 1.25e-16 65.69 -253.19 96894.67680608365 FrontF05
F05824 31.031 105.526 3.21e-16 1.81e-16 1.45e-16 44.07 -253.33 96947.90874524716 FrontF05
F05832 31.031 105.606 3.25e-16 2.6e-16 2.31e-16 36.27 -253.27 96925.09505703422 FrontF05
F05823 31.04 105.387 3.91e-16 2.45e-16 1.23e-16 52.72 -253.05 96841.44486692015 FrontF05
F05829 31.042 105.402 3.15e-16 2.98e-16 1.18e-16 25.2 -253.14 96875.66539923954 FrontF05
F05841 31.042 105.152 1.71e-16 1.3e-16 1.27e-16 33.82 -253.22 96906.08365019012 FrontF05
F05804 31.061 105.395 4.18e-16 2.27e-16 1.77e-16 31.79 -253.22 96906.08365019012 FrontF05
F05803 31.078 105.33 3.04e-16 2.8e-16 1.52e-16 38.66 -253.12 96868.0608365019 FrontF05
F05814 31.09 105.24 3.3e-16 2.84e-16 1.33e-16 45.86 -253.31 96940.30418250951 FrontF05
F05820 31.092 105.592 3.27e-16 2.14e-16 9.79e-17 46.74 -253.06 96845.24714828898 FrontF05
F05821 31.105 105.274 3.21e-16 2.29e-16 1.07e-16 44.98 -253.17 96887.072243346 FrontF05
F05800 31.12 105.72 3.04e-16 2.75e-16 1.72e-16 49.05 -253.02 96830.0380228137 FrontF05
F05843 31.155 105.266 2.27e-16 2.15e-16 1.46e-16 41.97 -253.18 96890.87452471483 FrontF05
F05807 31.157 105.359 2e-16 1.22e-16 1.23e-16 61.96 -253.25 96917.49049429658 FrontF05
F05812 31.2 105.403 2.03e-16 1.98e-16 8.42e-17 36.44 -253.13 96871.86311787073 FrontF05
F05810 31.224 105.149 3.1e-16 1.87e-16 1.27e-16 47.22 -253.35 96955.51330798479 FrontF05
F05806 31.26 105.062 3.37e-16 2.24e-16 1.45e-16 42.57 -253.2 96898.47908745246 FrontF05
F05797 31.261 105.365 3.42e-16 1.6e-16 1.15e-16 32.75 -253.19 96894.67680608365 FrontF05
F05811 31.287 105.619 3.01e-16 2.67e-16 1.25e-16 35.24 -253.22 96906.08365019012 FrontF05
F05801 31.316 106.005 3.03e-16 2.82e-16 1.73e-16 49.83 -253.1 96860.45627376426 FrontF05
F05825 31.374 105.232 3.13e-16 3.34e-16 1.3e-16 52.86 -253.08 96852.85171102663 FrontF05
F05796 31.444 105.745 2.95e-16 2.27e-16 1.56e-16 49.97 -253.33 96947.90874524716 FrontF05
