F00390 75.158 60.143 3.83e-16 2.77e-16 1.69e-16 68.16 -187.04 71742.58555133079 RightC02
F00395 75.494 60.381 4.49e-16 3.6e-16 1.88e-16 67.95 -186.68 71605.70342205324 RightC02
F00379 75.549 60.457 6.11e-16 4.94e-16 2.95e-16 98.26 -186.88 71681.74904942965 RightC02
F00388 75.582 60.391 6.56e-16 4.89e-16 3.86e-16 72.07 -186.75 71632.31939163498 RightC02
F00374 75.607 60.306 4.53e-16 4.26e-16 2.29e-16 72.65 -186.95 71708.3650190114 RightC02
F00376 75.607 60.343 5.45e-16 3.74e-16 2.37e-16 46.01 -186.74 71628.51711026617 RightC02
F00373 75.668 60.325 7.35e-16 4.08e-16 2.9e-16 54.86 -186.84 71666.53992395438 RightC02
F00398 75.686 60.755 5.08e-16 4.21e-16 2.46e-16 70.73 -186.82 71658.93536121673 RightC02
F00397 75.71 60.378 4.17e-16 4.01e-16 2.09e-16 59.56 -186.77 71639.92395437263 RightC02
F00399 75.756 60.002 6.82e-16 5.41e-16 3.61e-16 50.64 -186.57 71563.8783269962 RightC02
F00386 75.762 60.656 6.28e-16 4.68e-16 3.24e-16 83.89 -186.99 71723.5741444867 RightC02
F00384 75.983 60.346 6.19e-16 3.85e-16 2.3e-16 59.82 -186.71 71617.1102661597 RightC02
F00375 76.156 60.776 5.85e-16 3.43e-16 2.26e-16 42.9 -186.82 71658.93536121673 RightC02
F00394 76.159 60.659 4.96e-16 3.51e-16 2.35e-16 76.35 -186.61 71579.08745247149 RightC02
F00381 76.546 60.645 4.69e-16 3.57e-16 2.58e-16 116.02 -186.81 71655.13307984792 RightC02
F00401 76.917 60.028 3.97e-16 2.95e-16 1.99e-16 59.21 -186.86 71674.14448669202 RightC02
