Name Equatorial Polar BlueFlux GreenFlux RedFlux Size RadialVelocity Distance Location
F05163 315.537 57.603 1.54e-16 1.13e-16 7.07e-17 16.61 -296.27 113274.90494296576 FrontA01
F05127 315.812 56.414 2.37e-16 1.73e-16 1.08e-16 31.75 -296.46 113347.14828897337 FrontA01
F05166 315.938 56.745 2.21e-16 1.48e-16 1.02e-16 24.39 -296.34 113301.52091254751 FrontA01
F05123 316.08 57.09 2.35e-16 1.71e-16 1.1e-16 25.98 -296.45 113343.34600760454 FrontA01
F05150 316.156 56.505 2.15e-16 1.59e-16 1.03e-16 56.53 -296.48 113354.75285171102 FrontA01
F05144 316.237 57.534 1.64e-16 1.11e-16 7.04e-17 45.67 -296.2 113248.28897338401 FrontA01
F05165 316.239 55.025 1.77e-16 1.26e-16 8.24e-17 30.09 -296.46 113347.14828897337 FrontA01
F05156 316.27 56.716 2.77e-16 1.91e-16 1.28e-16 40.97 -296.27 113274.90494296576 FrontA01
F05173 316.33 56.782 2.44e-16 1.67e-16 1.12e-16 48.66 -296.31 113290.11406844106 FrontA01
F05139 316.357 56.065 1.85e-16 1.24e-16 8.34e-17 52.76 -296.26 113271.10266159695 FrontA01
F05147 316.38 57.587 1.53e-16 1.14e-16 7.25e-17 38.42 -296.37 113312.92775665398 FrontA01
F05160 316.402 56.736 2.66e-16 1.94e-16 1.29e-16 24.58 -296.55 113381.36882129277 FrontA01
F05152 316.406 57.192 1.99e-16 1.52e-16 9.12e-17 41.62 -296.67 113426.99619771863 FrontA01
F05130 316.425 56.819 2.1e-16 1.47e-16 9.41e-17 26.73 -296.36 113309.12547528517 FrontA01
F05133 316.445 56.802 1.91e-16 1.33e-16 8.6e-17 46.6 -296.44 113339.54372623573 FrontA01
F05162 316.452 56.595 2.82e-16 2e-16 1.3e-16 20.52 -296.45 113343.34600760454 FrontA01
F05167 316.46 56.396 2.53e-16 1.76e-16 1.18e-16 29.11 -296.16 113233.07984790874 FrontA01
F05159 316.487 56.827 2.73e-16 1.94e-16 1.23e-16 33.22 -296.34 113301.52091254751 FrontA01
F05126 316.487 56.666 2.04e-16 1.42e-16 8.92e-17 37.55 -296.5 113362.35741444866 FrontA01
F05168 316.495 56.715 1.54e-16 1.09e-16 7.53e-17 37.24 -296.36 113309.12547528517 FrontA01
F05122 316.511 57.069 2.01e-16 1.39e-16 8.58e-17 42.39 -296.36 113309.12547528517 FrontA01
F05138 316.581 56.993 2.07e-16 1.39e-16 9.14e-17 18.27 -296.45 113343.34600760454 FrontA01
F05169 316.595 56.779 2.14e-16 1.71e-16 1.11e-16 28.56 -296.39 113320.53231939163 FrontA01
F05172 316.608 57.005 2.57e-16 1.81e-16 1.15e-16 37.28 -296.41 113328.13688212929 FrontA01
F05132 316.618 56.727 2.64e-16 1.86e-16 1.24e-16 32.92 -296.5 113362.35741444866 FrontA01
F05131 316.637 56.883 2.6e-16 1.85e-16 1.16e-16 33.61 -296.42 113331.9391634981 FrontA01
F05171 316.64 56.957 2.52e-16 1.8e-16 1.21e-16 56.34 -296.52 113369.96197718629 FrontA01
F05121 316.641 57.101 2.24e-16 1.68e-16 1.08e-16 27.27 -296.41 113328.13688212929 FrontA01
F05137 316.678 56.974 2.27e-16 1.51e-16 1.01e-16 46.57 -296.29 113282.50950570342 FrontA01
F05161 316.681 56.973 1.48e-16 1.09e-16 6.81e-17 40.11 -296.42 113331.9391634981 FrontA01
F05128 316.685 56.973 2.01e-16 1.33e-16 9.15e-17 36.27 -296.62 113407.98479087451 FrontA01
F05125 316.685 56.978 2.32e-16 1.57e-16 1.1e-16 30.49 -296.4 113324.33460076044 FrontA01
F05129 316.685 56.961 2.47e-16 1.78e-16 1.2e-16 31.29 -296.61 113404.1825095057 FrontA01
F05136 316.687 57.007 2.36e-16 1.73e-16 1.13e-16 54.24 -296.15 113229.27756653991 FrontA01
F05157 316.688 56.91 2.53e-16 1.75e-16 1.1e-16 52.41 -296.39 113320.53231939163 FrontA01
F05170 316.698 56.932 1.81e-16 1.26e-16 7.99e-17 45.8 -296.47 113350.9505703422 FrontA01
F05164 316.717 57.173 2.07e-16 1.57e-16 9.9e-17 49.56 -296.58 113392.77566539923 FrontA01
F05134 316.72 56.969 2.15e-16 1.44e-16 9.37e-17 44.94 -296.48 113354.75285171102 FrontA01
F05141 316.731 56.97 2.44e-16 1.73e-16 1.1e-16 26.05 -296.27 113274.90494296576 FrontA01
F05149 316.735 57.405 1.79e-16 1.24e-16 8.35e-17 41.57 -296.34 113301.52091254751 FrontA01
F05146 316.735 57.042 1.81e-16 1.29e-16 8.28e-17 25.48 -296.36 113309.12547528517 FrontA01
F05140 316.735 57.051 1.81e-16 1.32e-16 8.41e-17 35.5 -296.34 113301.52091254751 FrontA01
F05135 316.794 57.345 1.17e-16 8.03e-17 5.35e-17 38.47 -296.45 113343.34600760454 FrontA01
F05158 316.801 57.102 2.04e-16 1.38e-16 8.87e-17 45.59 -296.33 113297.7186311787 FrontA01
F05151 316.812 56.947 1.96e-16 1.38e-16 9.11e-17 41.05 -296.38 113316.7300380228 FrontA01
F05143 316.901 57.17 2.12e-16 1.45e-16 1.02e-16 27.74 -296.44 113339.54372623573 FrontA01
F05153 316.905 56.755 2.85e-16 1.9e-16 1.18e-16 51.88 -296.28 113278.70722433458 FrontA01
F05145 316.928 56.44 1.7e-16 1.25e-16 8e-17 38.82 -296.28 113278.70722433458 FrontA01
F05155 316.945 56.745 2.28e-16 1.57e-16 1.05e-16 35.82 -296.28 113278.70722433458 FrontA01
F05154 317.058 57.463 1.53e-16 1.09e-16 7.08e-17 42.64 -296.29 113282.50950570342 FrontA01
F05142 317.185 57.75 3.08e-16 2.02e-16 1.35e-16 35.31 -296.25 113267.30038022813 FrontA01
F05124 317.534 56.375 2.35e-16 1.75e-16 1.04e-16 31.26 -296.2 113248.28897338401 FrontA01
