F06836 195.908 78.969 8.57e-16 8.34e-16 5.48e-16 104.48 -124.15 47830.03802281369 BackE03
F06833 196.082 78.988 1.02e-15 7.29e-16 6.05e-16 130.3 -124.33 47898.47908745247 BackE03
F06830 196.124 80.44 1.2e-15 9.14e-16 6.78e-16 91.82 -124.34 47902.28136882129 BackE03
F06824 196.165 79.084 9.11e-16 8.2e-16 4.82e-16 72.52 -124.3 47887.07224334601 BackE03
F06827 196.367 78.372 1.24e-15 8.16e-16 5.53e-16 173.38 -124.34 47902.28136882129 BackE03
F06855 196.423 78.833 1.1e-15 6.96e-16 3.33e-16 122.33 -124.29 47883.26996197719 BackE03
F06856 196.447 79.303 9.93e-16 6.51e-16 5.45e-16 100.35 -124.39 47921.2927756654 BackE03
F06839 196.505 82.956 1.21e-15 7.57e-16 5.94e-16 62.86 -124.03 47784.410646387834 BackE03
F06835 196.515 80.453 1.07e-15 6.77e-16 5.16e-16 83.79 -124.22 47856.65399239544 BackE03
F06846 196.791 80.231 1.03e-15 8.13e-16 4.42e-16 56.3 -124.44 47940.304182509506 BackE03
F06851 196.844 77.19 1.25e-15 8.55e-16 6.41e-16 63.58 -124.26 47871.86311787072 BackE03
F06832 193.032 79.89 1.24e-15 7.57e-16 7.87e-16 105.64 -124.15 47830.03802281369 BackD03
F06858 194.427 78.926 1.01e-15 7.1e-16 5.75e-16 80.5 -124.1 47811.02661596958 BackD03
F06841 194.653 79.065 1.54e-15 1.16e-15 6.89e-16 69.63 -124.22 47856.65399239544 BackD03
F06828 194.916 77.927 1.05e-15 9.03e-16 5.19e-16 109.17 -124.11 47814.828897338404 BackD03
F06849 194.931 77.858 1.19e-15 8.92e-16 6.17e-16 118.1 -124.34 47902.28136882129 BackD03
F06842 195.681 79.281 1.43e-15 8.7e-16 5.95e-16 119.47 -124.18 47841.44486692016 BackE03
F06853 195.698 78.985 8.63e-16 7.28e-16 4.35e-16 122.44 -124.13 47822.43346007605 BackE03
F06852 195.699 78.805 1.49e-15 8.9e-16 5.82e-16 89.65 -124.12 47818.631178707226 BackE03
F06826 195.755 78.405 1.23e-15 1.02e-15 6.06e-16 102.03 -124.31 47890.87452471483 BackE03
F06844 195.786 79.042 1.32e-15 9.13e-16 7.05e-16 71.47 -124.3 47887.07224334601 BackE03
F06850 195.803 77.996 1.32e-15 6.48e-16 4.56e-16 68.63 -124.19 47845.247148288974 BackE03
F06845 195.813 78.881 1.36e-15 9.93e-16 7.67e-16 129.12 -124.29 47883.26996197719 BackE03
F06857 195.842 79.939 1.4e-15 9.5e-16 7.42e-16 104.41 -124.35 47906.083650190114 BackE03
