F03617 16.463 133.543 7.71e-17 3.96e-17 1.87e-17 21.89 -614.15 234141.82509505705 FrontE06
F03635 16.482 133.501 5.22e-17 4.34e-17 2.77e-17 26.45 -614.17 234149.42965779468 FrontE06
F03636 16.49 133.472 6.24e-17 5.55e-17 2.16e-17 16.57 -614.08 234115.20912547532 FrontE06
F03659 16.501 133.601 5.94e-17 3.54e-17 2.63e-17 23.83 -614.06 234107.60456273763 FrontE06
F03638 16.504 133.589 4.32e-17 3.38e-17 1.88e-17 10.85 -614.15 234141.82509505705 FrontE06
F03632 16.504 133.544 6.42e-17 4.88e-17 2.05e-17 16.24 -614.12 234130.41825095058 FrontE06
F03643 16.511 133.608 3.28e-17 2.51e-17 1.86e-17 14.52 -613.9 234046.7680608365 FrontE06
F03628 16.518 133.618 5.69e-17 4.26e-17 2.34e-17 17.04 -614.11 234126.61596958176 FrontE06
F03662 16.52 133.639 4.56e-17 2.33e-17 1.81e-17 10.27 -614.2 234160.83650190118 FrontE06
F03645 16.521 133.57 4.38e-17 2.04e-17 2.06e-17 9.67 -614.1 234122.81368821295 FrontE06
F03612 16.524 133.594 3.06e-17 2.71e-17 1.5e-17 32.11 -614.05 234103.80228136881 FrontE06
F03644 16.532 133.658 5.59e-17 3.6e-17 3.14e-17 23.72 -614.06 234107.60456273763 FrontE06
F03630 16.535 133.571 5.06e-17 4.7e-17 2.66e-17 18.9 -614.07 234111.4068441065 FrontE06
F03626 16.537 133.625 5.52e-17 4.17e-17 1.99e-17 16.38 -614.17 234149.42965779468 FrontE06
F03639 16.542 133.568 4.49e-17 5.25e-17 2.53e-17 18.46 -614.2 234160.83650190118 FrontE06
F03658 16.543 133.612 5.38e-17 4.53e-17 2.2e-17 26.81 -613.91 234050.57034220532 FrontE06
F03615 16.547 133.468 3.95e-17 3.12e-17 2.53e-17 13.63 -614.18 234153.2319391635 FrontE06
F03611 16.555 133.609 5.69e-17 4.06e-17 1.96e-17 11.96 -614.13 234134.2205323194 FrontE06
F03622 16.556 133.625 4.95e-17 3.51e-17 2e-17 9.61 -613.91 234050.57034220532 FrontE06
F03657 16.557 133.777 5.89e-17 3.32e-17 2.83e-17 19.6 -614.28 234191.2547528517 FrontE06
F03624 16.563 133.872 4.36e-17 2.64e-17 2.26e-17 17.31 -614.2 234160.83650190118 FrontE06
F03637 16.572 133.645 4.76e-17 3.52e-17 1.6e-17 23.09 -614.15 234141.82509505705 FrontE06
F03653 16.574 133.596 6.87e-17 5.31e-17 2.02e-17 19.06 -613.96 234069.58174904945 FrontE06
F03660 16.59 133.671 3.72e-17 3.18e-17 1.75e-17 22.41 -614.22 234168.4410646388 FrontE06
F03656 16.599 133.627 4.67e-17 2.87e-17 2.26e-17 20.98 -614.24 234176.04562737644 FrontE06
F03629 16.603 133.56 5.24e-17 3.13e-17 2.3e-17 24.83 -614.1 234122.81368821295 FrontE06
F03625 16.615 133.672 5.54e-17 3.88e-17 2.4e-17 15.65 -614.07 234111.4068441065 FrontE06
F03619 16.702 133.484 5.73e-17 4.18e-17 2e-17 12.04 -613.92 234054.37262357413 FrontE06
F03655 16.713 133.676 5.56e-17 3.27e-17 3.85e-17 18.43 -614.22 234168.4410646388 FrontE06
F03649 16.719 133.693 2.81e-17 3.22e-17 1.21e-17 16.57 -614.3 234198.85931558936 FrontE06
F03651 16.745 133.565 6.02e-17 3.62e-17 2.32e-17 8.36 -614.04 234100.0 FrontE06
F03627 16.783 133.943 4.25e-17 3.65e-17 2.02e-17 22.84 -614.18 234153.2319391635 FrontE06
F03652 16.916 133.522 6.03e-17 5.18e-17 2.47e-17 21.07 -614.12 234130.41825095058 FrontE06
F03650 17.039 133.34 3.56e-17 3.38e-17 2.61e-17 13.52 -614.04 234100.0 FrontE06
F03648 17.146 133.801 4.92e-17 3.52e-17 2.07e-17 21.72 -614.04 234100.0 FrontE06
F03621 17.267 133.817 5.81e-17 2.48e-17 2.19e-17 26.3 -614.26 234183.65019011407 FrontE06
