Name Equatorial Polar BlueFlux GreenFlux RedFlux Size RadialVelocity Distance Location
F00211 314.209 151.899 1.57e-16 9.01e-17 7.14e-17 13.47 -438.62 167400.38022813687 DownB02
F00205 314.182 151.911 1.12e-16 8.22e-17 4.54e-17 18.33 -438.55 167373.76425855514 DownB02
F00215 314.497 151.807 8.34e-17 7.42e-17 4.54e-17 24.38 -438.64 167407.9847908745 DownB02
F00199 314.242 152.247 1.07e-16 8.64e-17 4.91e-17 23.97 -438.6 167392.77566539924 DownB02
F00214 315.468 151.756 9.33e-17 6.98e-17 4.71e-17 31.63 -438.44 167331.9391634981 DownB02
F00207 314.176 152.372 1.33e-16 1.07e-16 6.05e-17 26.54 -438.53 167366.15969581748 DownB02
F00196 314.892 152.116 9.1e-17 7.29e-17 3.98e-17 32.01 -438.44 167331.9391634981 DownB02
F00218 314.916 152.158 8.36e-17 5.87e-17 3.83e-17 30.55 -438.6 167392.77566539924 DownB02
F00206 315.768 152.479 9.39e-17 8.09e-17 5.37e-17 24.52 -438.41 167320.53231939164 DownB02
