Name Equatorial Polar BlueFlux GreenFlux RedFlux Size RadialVelocity Distance Location
F02165 8.583 47.783 2.05e-17 1.39e-17 8.66e-18 13.41 -949.84 361780.608365019 FrontD01
F02169 8.602 47.804 1.98e-17 1.41e-17 8.84e-18 14.63 -950.12 361887.072243346 FrontD01
F02166 8.623 47.811 2.87e-17 2.06e-17 1.29e-17 9.57 -950.04 361856.65399239544 FrontD01
F02162 8.624 47.766 1.59e-17 1.11e-17 7.29e-18 13.63 -949.9 361803.422053232 FrontD01
F02164 8.641 47.936 1.91e-17 1.32e-17 9.49e-18 7.03 -949.91 361807.2243346008 FrontD01
F02167 8.697 47.763 1.71e-17 1.01e-17 7.55e-18 7.93 -949.86 361788.21292775666 FrontD01
F02168 8.752 47.788 2.13e-17 1.59e-17 9.77e-18 11.32 -950.03 361852.8517110266 FrontD01
F02163 8.952 47.744 2.1e-17 1.51e-17 1.01e-17 16.37 -949.99 361837.64258555137 FrontD01
F02170 8.986 47.888 2.44e-17 1.77e-17 1.22e-17 9.62 -950.12 361887.072243346 FrontD01
