Name Equatorial Polar BlueFlux GreenFlux RedFlux Size RadialVelocity Distance Location
F09351 98.799 43.728 7.84e-17 6.1e-17 4.05e-17 10.93 -472.78 180388.9733840304 UpF03
F09354 98.198 43.924 1e-16 4.98e-17 4.28e-17 13.9 -472.98 180465.01901140684 UpF03
F09353 98.328 44.01 6.48e-17 5.9e-17 3.08e-17 19.63 -473.11 180514.44866920152 UpF03
F09350 98.399 44.036 8.86e-17 5.35e-17 4.42e-17 16.41 -472.95 180453.61216730037 UpF03
F09359 98.682 44.047 1.1e-16 5.98e-17 3.49e-17 13.74 -472.95 180453.61216730037 UpF03
F09358 98.55 44.052 9.58e-17 7.53e-17 5.26e-17 28.78 -473.0 180472.62357414447 UpF03
F09357 98.568 44.075 6.96e-17 4.72e-17 3.33e-17 21.96 -472.72 180366.1596958175 UpF03
F09360 98.311 44.079 8.13e-17 6.32e-17 3.19e-17 23.33 -473.02 180480.22813688213 UpF03
F09352 98.48 44.111 1.17e-16 8.98e-17 6.48e-17 36.2 -472.87 180423.19391634982 UpF03
