F01546 2.51 163.448 3.22e-17 2.36e-17 1.65e-17 12.52 -756.9 DownD02
F01548 2.501 163.385 3.01e-17 1.8e-17 1.17e-17 14.91 -756.97 DownD02
F01550 2.499 163.326 3.51e-17 2.08e-17 1.5e-17 15.29 -756.93 DownD02
F01556 2.5 163.309 2.88e-17 2.19e-17 1.43e-17 19.08 -756.82 DownD02
F01557 2.526 163.322 2.91e-17 1.77e-17 1.32e-17 16.52 -756.89 DownD02
F01554 2.537 163.24 3.55e-17 2.4e-17 1.42e-17 14.86 -756.99 DownD02
F01547 2.563 163.385 2.65e-17 1.91e-17 1.25e-17 11.09 -756.93 DownD02
F01576 2.556 163.34 3.69e-17 2.43e-17 1.46e-17 9.96 -757.05 DownD02
F01575 2.568 163.356 3.64e-17 2.03e-17 1.52e-17 10.86 -756.79 DownD02
F01542 2.566 163.338 3.68e-17 2.88e-17 1.54e-17 16.54 -756.94 DownD02
F01597 2.569 163.359 3.77e-17 2.48e-17 1.49e-17 18.52 -756.84 DownD02
