Name Equatorial Polar BlueFlux GreenFlux RedFlux Size RadialVelocity Location
F10294 296.295 89.194 1.95e-17 1.32e-17 7.48e-18 9.41 -991.21 LeftE03
F10292 296.446 89.224 2.43e-17 2.04e-17 1.34e-17 9.15 -991.12 LeftE03
F10289 296.559 88.992 3.12e-17 1.74e-17 1.27e-17 5.05 -991.26 LeftE03
F10287 296.568 89.114 1.68e-17 1e-17 7.78e-18 8.77 -991.17 LeftE03
F10291 296.586 89.011 1.56e-17 1.4e-17 7.41e-18 6.31 -991.07 LeftE03
F10295 296.616 88.98 2.27e-17 1.54e-17 1.25e-17 11.81 -991.12 LeftE03
F10286 296.652 89.005 1.45e-17 1.5e-17 7.48e-18 14.2 -991.21 LeftE03
F10296 296.675 89.166 2.22e-17 1.5e-17 9.71e-18 15.95 -991.18 LeftE03
F10288 296.838 88.802 1.6e-17 1.31e-17 8.44e-18 13.78 -991.0 LeftE03
