Name Equatorial Polar BlueFlux GreenFlux RedFlux Size RadialVelocity Distance Location
F03360 321.186 148.392 1.6e-17 1.05e-17 6.74e-18 14.16 -1053.02 401012.54752851714 DownB02
F03355 321.517 148.256 1.9e-17 1.57e-17 8.5e-18 15.31 -1052.8 400928.89733840304 DownB02
F03346 321.347 148.364 1.76e-17 1.39e-17 8.1e-18 13.29 -1053.05 401023.9543726236 DownB02
F03354 321.436 148.315 1.61e-17 1.07e-17 6.98e-18 10.86 -1053.01 401008.7452471483 DownB02
F03349 321.328 148.391 2.42e-17 1.18e-17 1.01e-17 10.05 -1053.05 401023.9543726236 DownB02
F03353 321.318 148.398 1.77e-17 1.23e-17 7.61e-18 13.68 -1052.89 400963.1178707225 DownB02
F03359 321.328 148.396 1.62e-17 1.16e-17 6.79e-18 14.45 -1052.99 401001.14068441064 DownB02
F03358 321.37 148.373 2.21e-17 1.4e-17 9.78e-18 11.25 -1052.88 400959.3155893537 DownB02
F03356 321.349 148.386 1.58e-17 1.1e-17 6.92e-18 13.62 -1052.96 400989.7338403042 DownB02
