Name Equatorial Polar BlueFlux GreenFlux RedFlux Size RadialVelocity Distance Location
F12000 240.752 44.94 9.14e-17 5.39e-17 3.99e-17 34.37 -435.62 166259.6958174905 UpA02
F11977 241.021 44.924 8.41e-17 5.79e-17 3.36e-17 24.12 -435.77 166316.7300380228 UpA02
F11986 240.797 44.906 1.1e-16 7.81e-17 5.16e-17 14.51 -435.82 166335.7414448669 UpA02
F11991 240.666 44.904 1.04e-16 8.36e-17 5.01e-17 21.59 -435.72 166297.71863117872 UpA02
F12001 240.87 44.902 8.94e-17 6.95e-17 4.31e-17 27.21 -435.83 166339.54372623572 UpA02
F12007 240.994 44.897 8.58e-17 6.25e-17 4.02e-17 24.74 -436.03 166415.58935361216 UpA02
F11964 240.684 44.863 1.08e-16 7.38e-17 4.32e-17 19.85 -435.79 166324.33460076046 UpA02
F11976 240.636 44.86 1.39e-16 7.75e-17 4.95e-17 20.9 -435.73 166301.52091254754 UpA02
F11960 240.998 44.858 1.08e-16 7.28e-17 4.69e-17 24.84 -435.77 166316.7300380228 UpA02
