Name Equatorial Polar BlueFlux GreenFlux RedFlux Size RadialVelocity Location
F05837 30.289 104.13 2.46e-16 1.79e-16 1.75e-16 21.65 -253.25 FrontF04
F05822 30.592 104.327 2.29e-16 1.23e-16 1.05e-16 27.6 -253.16 FrontF04
F05830 30.901 104.96 3.24e-16 1.83e-16 1.12e-16 35.3 -253.26 FrontF04
F05802 31.032 104.808 3.09e-16 3.16e-16 1.75e-16 40.3 -253.17 FrontF04
F05819 31.043 104.235 1.87e-16 1.2e-16 1.03e-16 37.23 -253.27 FrontF04
F05838 31.149 103.721 2.53e-16 1.76e-16 1.03e-16 34.46 -253.09 FrontF04
F05836 30.719 105.116 2.78e-16 2.45e-16 1.79e-16 51.68 -253.26 FrontF05
F05794 30.727 105.112 2.09e-16 1.91e-16 1.17e-16 58.98 -253.29 FrontF05
F05809 30.734 105.173 2.27e-16 1.33e-16 9.64e-17 43.05 -253.08 FrontF05
