Name Equatorial Polar BlueFlux GreenFlux RedFlux Size RadialVelocity Distance Location
F10992 94.032 89.814 7.27e-17 4.2e-17 2.95e-17 18.41 -545.36 207985.93155893538 RightD03
F10988 94.132 89.771 6.89e-17 5.01e-17 3.09e-17 14.95 -545.49 208035.36121673006 RightD03
F10986 94.199 89.907 5.29e-17 3.33e-17 2.36e-17 26.11 -545.27 207951.711026616 RightD03
F10987 94.318 89.922 6.36e-17 5.96e-17 2.74e-17 21.79 -545.19 207921.29277566544 RightD03
F10995 94.345 89.941 7.32e-17 5.75e-17 3.46e-17 19.26 -545.25 207944.10646387833 RightD03
F10994 94.38 89.984 8.84e-17 4.15e-17 4.09e-17 23.63 -545.5 208039.16349809887 RightD03
F10993 94.385 89.96 2.86e-17 2.39e-17 1.5e-17 24.3 -545.43 208012.5475285171 RightD03
F10990 94.414 89.846 8.59e-17 4.91e-17 3.21e-17 20.93 -545.47 208027.75665399243 RightD03
F10985 95.091 89.153 4.99e-17 3.7e-17 2.25e-17 24.09 -545.23 207936.5019011407 RightD03
