Name Equatorial Polar BlueFlux GreenFlux RedFlux Size RadialVelocity Distance Location
F10414 98.034 104.366 5.66e-16 3.99e-16 2.41e-16 50.09 -193.54 74214.06844106464 RightD04
F10410 98.044 104.604 4.8e-16 3.18e-16 2.1e-16 42.6 -193.55 74217.87072243346 RightD04
F10402 98.058 104.466 5.16e-16 3.67e-16 1.8e-16 66.92 -193.67 74263.49809885932 RightD04
F10384 98.062 104.553 5.81e-16 4.13e-16 2.01e-16 69.11 -193.57 74225.4752851711 RightD04
F10382 98.072 104.445 4.01e-16 3.11e-16 2.2e-16 54.25 -193.53 74210.26615969582 RightD04
F10386 98.08 104.566 3.97e-16 3.4e-16 2.41e-16 55.39 -193.61 74240.6844106464 RightD04
F10393 98.597 104.195 5.14e-16 3.78e-16 2.28e-16 76.6 -193.5 74198.85931558936 RightD04
F10411 98.612 104.381 4.2e-16 3.12e-16 1.95e-16 42.15 -193.55 74217.87072243346 RightD04
F10404 98.626 104.975 7.23e-16 5.5e-16 2.6e-16 64.57 -193.57 74225.4752851711 RightD04
