Name Equatorial Polar BlueFlux GreenFlux RedFlux Size RadialVelocity Distance Location
F06309 92.936 14.446 1.66e-17 1.04e-17 8.36e-18 7.76 -1125.43 428544.86692015216 UpD03
F06308 93.062 14.49 1.76e-17 1.07e-17 6.37e-18 8.96 -1125.37 428522.05323193915 UpD03
F06313 92.93 14.533 1.44e-17 1.11e-17 6.94e-18 5.38 -1125.29 428491.6349809886 UpD03
F06311 94.019 14.562 1.97e-17 1.12e-17 9.15e-18 6.88 -1125.18 428449.8098859316 UpD03
F06310 92.988 14.863 1.83e-17 1.25e-17 1.02e-17 10.93 -1125.23 428468.8212927757 UpD03
F06301 93.333 14.36 2.02e-17 1.15e-17 9.25e-18 10.5 -1125.18 428449.8098859316 UpD03
F06300 93.187 14.388 1.74e-17 1.11e-17 6.76e-18 10.92 -1125.33 428506.8441064639 UpD03
F06307 93.186 14.39 1.6e-17 1.12e-17 6.49e-18 7.89 -1125.43 428544.86692015216 UpD03
F06304 93.24 14.402 1.89e-17 1.55e-17 7.04e-18 13.35 -1125.32 428503.0418250951 UpD03
