name x y flux1 flux2 flux3 par rv
P01533 -44.624 -38.582 5.51e-17 2.79e-17 1.40e-17   0.006   -4.53
P06126 -44.005 -37.923 2.14e-12 1.17e-12 4.92e-13   0.003   -4.63
P05241 -42.830 -31.054 3.72e-14 1.88e-14 8.58e-15   0.004   -1.68
P05380 -42.202 -32.118 2.35e-15 1.60e-15 1.00e-15   0.003   -1.71
P01300 -42.055 -39.551 1.69e-14 1.10e-14 4.95e-15   0.003   -4.63
P00325 -41.383 -35.141 1.68e-14 6.90e-15 4.34e-15   0.001   -1.62
P04861 -40.207 -37.212 9.29e-16 7.49e-16 5.53e-16   0.005   -4.62
P02243 -39.269 -30.403 4.96e-15 1.28e-14 2.50e-14  -0.000   -0.11
P00162 -38.203 -36.201 1.69e-13 4.48e-13 8.84e-13   0.002   -1.75
P06169 -37.987 -31.060 4.73e-17 3.45e-17 1.84e-17  -0.000   -2.18
P05558 -37.882 -30.575 3.16e-16 1.66e-16 9.97e-17   0.002   -1.38
P06160 -37.713 -30.663 1.06e-15 6.38e-16 2.88e-16  -0.001   -2.00
P09665 -37.711 -30.116 3.50e-16 2.22e-16 1.09e-16   0.000    0.71
P03372 -37.876 -30.369 3.86e-16 2.27e-16 1.03e-16   0.000   -0.50
P00307 -37.664 -30.439 1.14e-17 7.29e-18 6.10e-18  -0.001   -1.36
P02604 -37.735 -31.325 7.03e-14 4.93e-14 2.35e-14  -0.001   -3.24
P03775 -37.698 -30.351 4.59e-15 2.05e-15 1.09e-15   0.001   -0.21
P02284 -37.667 -30.198 2.10e-17 1.12e-17 7.41e-18   0.000    0.86
P03499 -37.654 -30.757 6.21e-17 4.67e-17 2.94e-17   0.001   -2.32
P05659 -37.583 -30.404 7.03e-17 4.26e-17 2.41e-17   0.000   -1.20
P07215 -37.549 -30.279 1.62e-16 1.05e-16 5.17e-17   0.002    0.10
P06237 -37.617 -30.189 1.45e-16 9.26e-17 4.07e-17   0.001    0.28
P06601 -37.605 -30.058 2.14e-17 1.77e-17 1.26e-17   0.000    1.11
P05893 -37.641 -31.053 1.72e-17 1.19e-17 7.62e-18   0.001   -3.41
P09310 -37.750 -31.004 1.20e-15 5.62e-16 2.48e-16  -0.000   -3.07
P00323 -37.596 -30.964 6.32e-16 3.18e-16 1.84e-16   0.001   -3.17
P07907 -37.545 -30.470 6.85e-16 3.77e-16 2.16e-16   0.001   -0.99
P06344 -37.597 -30.077 2.18e-17 1.72e-17 1.10e-17   0.000    1.09
P03248 -37.610 -30.638 6.00e-16 3.41e-16 1.67e-16   0.001   -2.03
P02933 -37.590 -30.412 4.49e-17 3.00e-17 1.90e-17  -0.000   -0.41
P09262 -37.593 -30.472 4.75e-17 3.52e-17 2.08e-17  -0.000   -1.75
P09444 -37.578 -30.198 4.85e-17 3.18e-17 1.94e-17   0.000   -0.70
P09844 -37.655 -30.284 5.47e-17 3.88e-17 2.20e-17   0.001   -1.36
P05045 -37.601 -30.222 4.97e-17 3.26e-17 2.07e-17   0.000    0.63
P09842 -37.452 -30.735 7.99e-16 4.38e-16 2.02e-16  -0.000   -2.83
P01916 -37.546 -30.362 7.70e-17 4.45e-17 2.78e-17   0.001   -0.18
P06518 -37.600 -30.671 3.66e-16 1.96e-16 1.11e-16   0.001   -3.35
P01925 -37.461 -30.357 3.14e-17 2.55e-17 1.30e-17   0.001   -0.80
P00089 -37.486 -30.356 2.43e-16 1.63e-16 8.33e-17  -0.001   -2.08
P03958 -37.490 -30.450 1.61e-15 8.61e-16 3.49e-16  -0.000   -1.62
P08161 -37.321 -30.339 1.25e-15 6.25e-16 3.30e-16  -0.000   -0.54
P07331 -37.491 -30.522 6.29e-14 3.31e-14 1.73e-14   0.002   -2.43
P09528 -37.525 -30.312 4.58e-14 2.62e-14 1.21e-14   0.001   -1.62
P08115 -37.439 -30.462 2.91e-16 1.82e-16 1.07e-16   0.000   -2.39
P00745 -37.433 -30.282 1.31e-16 9.10e-17 4.94e-17   0.000   -0.52
P01067 -37.417 -30.438 1.23e-17 1.05e-17 7.67e-18   0.002   -1.81
P01125 -37.567 -30.280 6.06e-17 3.84e-17 2.55e-17   0.002   -1.92
P09631 -37.423 -30.197 3.41e-17 3.03e-17 1.57e-17   0.004   -1.29
P10096 -37.415 -30.254 8.82e-17 5.10e-17 3.28e-17  -0.000   -1.71
P00623 -37.388 -30.253 4.06e-17 2.98e-17 1.66e-17   0.000   -0.43
P03462 -37.446 -30.301 1.45e-15 7.01e-16 2.79e-16   0.001   -1.19
P02025 -37.399 -30.438 4.23e-17 3.14e-17 2.08e-17   0.001   -2.13
P03679 -37.404 -30.366 1.19e-15 6.29e-16 2.99e-16   0.001   -1.52
P06143 -37.348 -30.233 5.69e-17 4.08e-17 2.09e-17   0.000   -1.06
P02097 -37.370 -30.419 1.98e-16 1.39e-16 8.08e-17   0.001   -2.01
P08877 -37.440 -30.201 3.91e-17 2.73e-17 1.59e-17   0.001   -0.30
P08313 -37.486 -30.516 1.61e-17 1.39e-17 8.55e-18   0.000   -3.32
P08494 -37.520 -30.250 5.50e-16 2.98e-16 1.66e-16   0.001   -1.48
P03596 -37.399 -30.237 1.23e-15 6.32e-16 3.20e-16  -0.001   -0.76
P04140 -37.422 -30.197 8.66e-14 5.54e-14 3.18e-14   0.002    0.04
P04664 -37.350 -30.355 7.54e-14 3.94e-14 2.14e-14  -0.000   -1.46
P00630 -37.280 -30.333 3.03e-17 1.96e-17 1.63e-17   0.001   -0.56
P05581 -37.448 -30.803 4.22e-17 2.71e-17 1.74e-17   0.001   -3.88
P09206 -37.429 -30.654 2.91e-17 2.34e-17 1.51e-17   0.002   -3.52
P08640 -37.252 -30.710 4.85e-17 3.94e-17 2.50e-17   0.001   -3.67
P09393 -37.329 -30.312 2.29e-16 1.25e-16 6.84e-17  -0.000   -2.23
P05219 -37.347 -30.850 4.56e-17 3.07e-17 1.66e-17   0.001   -4.11
P07279 -37.359 -30.112 1.33e-16 9.24e-17 4.45e-17   0.001    0.04
P04331 -37.264 -30.322 1.28e-15 7.08e-16 3.47e-16   0.001   -1.69
P02740 -37.251 -31.479 3.72e-15 1.57e-15 7.32e-16   0.001   -4.34
P09931 -37.372 -30.214 2.63e-16 1.59e-16 8.71e-17   0.003   -1.34
P09174 -37.232 -30.550 7.65e-17 4.29e-17 2.31e-17   0.001   -2.93
P06916 -37.247 -30.631 2.25e-15 1.17e-15 4.49e-16   0.001   -3.44
P10073 -37.235 -30.182 8.47e-17 6.21e-17 3.22e-17  -0.001   -1.34
P01546 -37.298 -30.310 3.52e-16 2.27e-16 1.20e-16  -0.000   -0.89
P03282 -37.313 -30.637 6.59e-17 4.93e-17 3.16e-17   0.000   -3.78
P02998 -37.160 -31.131 3.45e-16 2.10e-16 1.11e-16   0.001   -4.36
P08291 -37.339 -31.308 2.47e-15 1.08e-15 4.57e-16   0.001   -4.47
P00414 -37.258 -30.605 3.10e-17 2.68e-17 1.56e-17   0.002   -3.46
P04841 -37.246 -30.760 3.61e-15 1.76e-15 7.77e-16  -0.001   -3.98
P09264 -37.242 -30.053 1.79e-16 1.02e-16 4.61e-17   0.001   -0.98
P00602 -37.161 -30.795 5.78e-14 6.34e-14 5.15e-14  -0.000   -3.75
P05211 -37.046 -30.806 3.67e-16 2.28e-16 1.23e-16   0.000   -4.10
P01568 -36.988 -32.963 3.62e-15 2.36e-15 1.02e-15   0.002   -4.44
P09162 -37.172 -31.108 3.77e-15 1.89e-15 7.52e-16  -0.000   -4.34
P07457 -36.903 -31.211 4.17e-17 2.78e-17 1.80e-17  -0.000   -4.50
P07260 -36.813 -30.603 5.58e-14 2.74e-14 1.70e-14   0.001   -3.27
P09413 -36.375 -33.173 5.55e-14 2.66e-14 1.11e-14   0.001   -4.81
