name x y flux0 flux1 flux2 width rv
F01737  34.496 -42.407 7.90e-17 4.53e-17 2.72e-17 14.95 -585.84
F01763  34.603 -42.812 6.94e-17 3.46e-17 4.13e-17 15.31 -585.96
F01751  34.667 -42.641 5.11e-17 4.14e-17 2.04e-17 20.15 -585.76
F01760  34.678 -42.644 4.33e-17 4.62e-17 2.89e-17 17.72 -585.94
F01754  34.761 -42.858 8.29e-17 3.63e-17 3.16e-17 18.19 -585.85
F01745  34.761 -42.797 9.00e-17 4.54e-17 2.97e-17 12.37 -585.83
F01766  34.842 -42.634 6.92e-17 3.98e-17 2.45e-17 19.28 -585.81
F01743  34.847 -42.963 4.90e-17 3.67e-17 1.77e-17 21.69 -585.94
F01752  34.859 -42.983 8.25e-17 3.82e-17 2.94e-17 13.98 -585.97
F01762  34.869 -42.736 3.60e-17 2.69e-17 2.11e-17 17.00 -585.87
F01735  34.871 -42.610 5.78e-17 2.20e-17 1.94e-17 16.42 -585.97
F01765  34.884 -42.672 8.64e-17 4.34e-17 2.21e-17 16.96 -586.02
F01753  34.912 -42.676 5.15e-17 4.62e-17 3.14e-17 21.73 -585.97
F01742  34.924 -42.750 5.29e-17 3.28e-17 2.40e-17 21.56 -585.93
F01769  34.927 -42.684 6.28e-17 4.18e-17 3.13e-17 19.35 -585.88
F01734  34.930 -42.692 6.00e-17 3.20e-17 1.88e-17 19.48 -586.00
F01741  34.933 -42.672 5.18e-17 3.21e-17 1.88e-17 18.67 -585.86
F01756  34.933 -42.664 5.61e-17 4.60e-17 3.29e-17 20.02 -585.91
F01757  34.934 -42.546 5.81e-17 3.71e-17 2.12e-17 26.57 -585.96
F01744  34.954 -42.686 4.13e-17 4.30e-17 2.87e-17 16.83 -585.95
F01759  34.954 -42.697 6.89e-17 4.71e-17 2.96e-17 14.11 -586.01
F01740  34.960 -42.697 6.03e-17 3.43e-17 3.31e-17 15.41 -585.84
F01758  34.961 -42.661 5.51e-17 3.32e-17 2.69e-17 23.64 -585.83
F01764  34.966 -42.704 4.92e-17 2.26e-17 1.94e-17 29.52 -585.89
F01746  34.969 -42.893 6.24e-17 4.32e-17 1.92e-17 15.29 -585.84
F01761  34.971 -42.337 5.91e-17 5.04e-17 2.28e-17 20.42 -585.93
F01738  34.973 -42.703 3.70e-17 4.00e-17 1.98e-17 23.05 -585.94
F01767  34.973 -42.697 4.39e-17 3.00e-17 2.59e-17 17.47 -585.75
F01770  34.980 -42.715 5.82e-17 4.36e-17 2.13e-17 18.12 -585.88
F01755  34.981 -42.731 3.17e-17 2.86e-17 2.24e-17 19.66 -585.93
F01733  34.993 -42.746 7.84e-17 4.42e-17 4.61e-17 23.80 -585.91
F01747  34.993 -42.674 4.58e-17 3.21e-17 2.07e-17 23.12 -585.91
F01748  35.000 -42.724 7.00e-17 3.67e-17 2.51e-17 17.43 -585.99
F01768  35.002 -42.749 5.88e-17 4.89e-17 3.21e-17 16.98 -585.77
F01736  35.013 -42.710 4.64e-17 3.88e-17 3.13e-17 28.77 -585.79
F01749  35.014 -42.833 5.31e-17 4.02e-17 3.12e-17 32.61 -585.87
F01739  35.031 -42.631 3.29e-17 3.33e-17 1.62e-17 18.34 -585.97
F01750  35.073 -42.763 7.73e-17 4.09e-17 2.59e-17 28.98 -586.03
F10884  39.886 -30.047 3.52e-17 3.11e-17 1.48e-17 20.63 -676.24
