name x y flux0 flux1 flux2 width rv
F11108 -20.457   6.930 7.69e-17 4.84e-17 3.77e-17 32.54 -468.26
F01869 -20.437  10.409 4.59e-16 3.50e-16 2.06e-16 89.00 -178.75
F11112 -20.389   7.217 7.48e-17 5.22e-17 3.28e-17 16.81 -468.52
F11113 -19.948   6.754 8.54e-17 6.41e-17 3.88e-17 22.38 -468.21
F01863 -19.863   9.122 6.05e-16 4.35e-16 3.14e-16 50.18 -178.88
F11060 -19.827   7.280 5.30e-17 3.16e-17 3.34e-17 30.46 -468.42
F11064 -19.822   7.698 5.79e-17 4.97e-17 3.17e-17 25.53 -468.28
F11075 -19.757   7.698 7.66e-17 5.06e-17 4.33e-17 37.57 -468.14
F11073 -19.746   7.370 7.62e-17 4.63e-17 3.20e-17 25.51 -468.08
F11074 -19.743   7.666 8.51e-17 4.00e-17 2.82e-17 31.08 -468.36
F01873 -19.724   9.622 5.38e-16 2.99e-16 2.75e-16 92.54 -178.61
F11105 -19.705   7.046 7.98e-17 6.98e-17 5.36e-17 15.40 -468.32
F11097 -19.695   7.584 6.42e-17 6.27e-17 4.09e-17 27.85 -468.36
F11089 -19.678   7.562 7.06e-17 6.42e-17 3.78e-17 25.00 -468.37
F11102 -19.668   7.339 1.04e-16 5.24e-17 4.65e-17 26.06 -468.14
F11081 -19.666   7.284 1.14e-16 6.80e-17 4.26e-17 31.14 -468.22
F11077 -19.658   7.320 9.48e-17 8.40e-17 5.01e-17 13.41 -468.20
F11086 -19.654   7.224 8.27e-17 4.83e-17 4.67e-17 26.03 -468.42
F11110 -19.653   7.325 7.42e-17 7.04e-17 3.58e-17 28.72 -468.04
F11083 -19.649   6.730 9.34e-17 5.65e-17 4.11e-17 29.27 -468.13
F11090 -19.639   7.423 1.07e-16 7.90e-17 4.63e-17 24.41 -468.40
F11080 -19.626   7.461 1.20e-16 7.91e-17 5.03e-17 23.90 -468.38
F11107 -19.593   7.551 8.67e-17 7.58e-17 4.53e-17 20.76 -468.36
F11103 -19.592   7.317 7.29e-17 4.79e-17 4.45e-17 17.00 -468.40
F11079 -19.589   7.279 1.10e-16 7.34e-17 5.10e-17 22.89 -468.47
F11063 -19.583   7.281 8.79e-17 6.34e-17 2.95e-17 21.79 -468.41
F11093 -19.576   7.358 8.71e-17 6.18e-17 4.45e-17 25.90 -468.21
F11096 -19.572   7.364 8.68e-17 8.03e-17 3.82e-17 33.74 -468.34
F11062 -19.569   7.358 7.65e-17 5.75e-17 4.56e-17 26.82 -468.27
F11104 -19.558   7.342 1.07e-16 8.06e-17 5.07e-17 31.87 -468.24
F11069 -19.553   7.359 1.24e-16 7.34e-17 4.03e-17 27.85 -468.35
F11094 -19.552   7.269 1.15e-16 6.56e-17 5.06e-17 22.24 -468.43
F11111 -19.552   7.365 9.58e-17 5.24e-17 4.23e-17 27.86 -468.19
F11085 -19.548   7.212 1.31e-16 8.80e-17 4.77e-17 30.60 -468.28
F11084 -19.547   7.282 7.97e-17 4.71e-17 3.76e-17 25.57 -468.39
F11091 -19.540   7.341 8.13e-17 4.90e-17 3.81e-17 21.77 -468.27
F11098 -19.536   7.429 9.73e-17 6.13e-17 3.60e-17 34.46 -468.30
F11099 -19.535   7.343 9.16e-17 5.81e-17 3.58e-17 27.00 -468.37
F11070 -19.533   7.371 9.57e-17 6.32e-17 4.81e-17 30.34 -468.33
F11072 -19.526   7.507 7.70e-17 3.71e-17 2.92e-17 24.03 -468.20
F11082 -19.523   7.331 9.22e-17 6.55e-17 5.15e-17 27.76 -468.17
F11076 -19.520   7.456 7.01e-17 5.14e-17 2.86e-17 17.37 -468.25
F11088 -19.519   6.945 1.12e-16 6.65e-17 5.05e-17 26.04 -468.09
F11101 -19.519   7.238 1.18e-16 9.50e-17 4.62e-17 36.76 -468.35
F11087 -19.507   7.271 8.33e-17 5.89e-17 3.50e-17 35.50 -468.46
F11109 -19.494   7.422 9.55e-17 6.06e-17 4.03e-17 36.84 -468.28
F11106 -19.493   7.390 1.19e-16 9.11e-17 6.21e-17 20.19 -468.21
F11066 -19.467   7.378 8.68e-17 5.31e-17 4.22e-17 16.96 -468.28
F11100 -19.453   7.132 1.23e-16 7.29e-17 5.14e-17 19.88 -468.40
F11095 -19.442   7.481 1.74e-16 8.29e-17 5.41e-17 24.66 -468.40
F01858 -19.422   7.809 5.05e-16 3.08e-16 2.42e-16 50.25 -178.63
F11071 -19.421   7.131 8.78e-17 4.75e-17 4.03e-17 20.69 -468.15
F11068 -19.408   7.677 7.03e-17 6.22e-17 3.72e-17 20.83 -468.34
F11092 -19.380   7.086 5.80e-17 3.77e-17 2.75e-17 25.88 -468.22
F11059 -19.377   7.895 8.92e-17 4.49e-17 2.90e-17 35.06 -468.17
F11061 -19.358   6.956 1.06e-16 7.50e-17 5.44e-17 27.52 -468.34
F11067 -19.248   7.421 7.47e-17 6.46e-17 3.95e-17 16.36 -468.30
F11078 -19.174   7.777 1.12e-16 9.99e-17 4.00e-17 14.03 -468.18
F11065 -18.913   6.313 9.18e-17 5.72e-17 3.63e-17 37.75 -468.36
F01871 -18.777   8.583 5.41e-16 5.00e-16 2.89e-16 56.00 -178.80
F01877 -18.776   9.785 6.66e-16 3.39e-16 2.28e-16 50.28 -178.78
F01859 -18.776   8.238 7.29e-16 4.71e-16 3.43e-16 84.80 -179.02
F01860 -18.748   8.463 5.08e-16 3.87e-16 2.11e-16 67.41 -178.81
F01879 -18.736   8.605 4.47e-16 3.68e-16 2.28e-16 66.45 -178.94
F01872 -18.688   8.601 4.81e-16 4.17e-16 2.18e-16 52.71 -179.01
F01864 -18.667   8.521 6.55e-16 5.22e-16 3.45e-16 85.06 -179.11
F01868 -18.644   8.260 7.53e-16 5.44e-16 3.71e-16 63.52 -178.96
F01876 -18.624   8.316 8.14e-16 4.29e-16 3.86e-16 59.89 -178.80
F01870 -18.590   8.508 6.46e-16 3.48e-16 2.87e-16 50.71 -178.98
F01856 -18.588   8.471 4.88e-16 3.96e-16 2.64e-16 84.25 -178.60
F01857 -18.579   8.579 5.83e-16 3.73e-16 2.76e-16 72.60 -178.76
F01875 -18.578   8.099 5.97e-16 4.41e-16 2.67e-16 45.79 -178.77
F01862 -18.536   8.534 4.61e-16 3.88e-16 2.15e-16 106.43 -178.96
F01866 -18.534   8.543 6.18e-16 4.25e-16 2.97e-16 71.15 -178.88
F01878 -18.533   8.515 6.54e-16 4.23e-16 3.20e-16 37.96 -178.87
F01855 -18.484   8.114 5.63e-16 4.15e-16 2.74e-16 24.44 -178.75
F01861 -18.342   8.468 6.32e-16 4.07e-16 2.51e-16 78.77 -179.03
F01865 -18.320   7.756 5.95e-16 3.67e-16 2.75e-16 60.83 -178.84
F01874 -18.320   8.895 5.66e-16 4.29e-16 2.16e-16 55.78 -178.97
F01867 -18.064   8.725 7.50e-16 5.97e-16 3.97e-16 64.45 -178.85
F08860 -17.459   0.697 5.92e-17 3.57e-17 2.31e-17 14.22 -565.91
F08862 -17.266   0.491 7.04e-17 6.52e-17 3.10e-17 20.01 -565.91
F08886 -17.094   1.171 6.91e-17 4.74e-17 3.26e-17 10.77 -565.99
F08867 -17.052   1.279 6.66e-17 3.84e-17 2.26e-17 19.38 -565.88
F08874 -16.905   0.830 7.02e-17 6.24e-17 2.97e-17 16.22 -565.90
F08877 -16.898   1.707 7.67e-17 5.80e-17 3.34e-17 20.13 -566.18
F08890 -16.894   0.882 7.21e-17 4.79e-17 3.68e-17 22.60 -565.90
F08866 -16.865   0.910 7.07e-17 5.26e-17 3.06e-17 26.18 -565.85
F08883 -16.844   0.994 5.40e-17 3.23e-17 2.07e-17 20.24 -565.90
F08859 -16.834   0.778 6.65e-17 4.52e-17 2.89e-17 26.11 -565.91
F08868 -16.827   0.923 5.97e-17 4.54e-17 3.16e-17 25.50 -566.05
F08887 -16.815   0.998 6.13e-17 4.84e-17 2.98e-17 14.21 -565.89
F08878 -16.785   0.988 8.52e-17 5.37e-17 2.85e-17 25.77 -565.98
F08876 -16.764   0.948 8.19e-17 6.22e-17 3.73e-17 16.02 -565.89
F08873 -16.762   0.938 5.59e-17 4.69e-17 1.98e-17 14.61 -566.05
F08885 -16.757   1.011 5.06e-17 4.37e-17 2.12e-17 22.12 -565.90
F08888 -16.752   0.978 6.34e-17 4.80e-17 2.79e-17 21.49 -566.00
F08884 -16.748   0.972 6.70e-17 4.75e-17 2.85e-17 15.13 -565.84
F08872 -16.743   1.051 6.54e-17 4.02e-17 2.84e-17 19.69 -566.01
F08889 -16.740   0.988 6.28e-17 4.95e-17 2.85e-17 24.77 -565.90
F08870 -16.737   0.701 6.23e-17 4.78e-17 3.63e-17 29.83 -566.03
F08893 -16.734   1.010 5.63e-17 3.83e-17 2.75e-17 17.23 -565.98
F08863 -16.726   1.019 5.41e-17 3.33e-17 2.05e-17 22.56 -566.03
F08869 -16.726   0.873 5.20e-17 3.63e-17 2.68e-17 30.86 -565.84
F08892 -16.725   0.943 6.31e-17 4.00e-17 3.07e-17 21.37 -565.85
F08881 -16.700   0.695 6.93e-17 5.34e-17 3.47e-17 23.28 -566.19
F08879 -16.695   0.789 7.56e-17 5.36e-17 4.87e-17 20.32 -566.04
F08871 -16.678   1.344 3.52e-17 3.30e-17 2.19e-17 20.24 -565.89
F08861 -16.676   1.039 5.79e-17 4.31e-17 3.32e-17 21.53 -565.90
F08864 -16.622   0.959 5.89e-17 4.16e-17 3.07e-17 16.34 -565.82
F08882 -16.618   0.572 6.52e-17 3.29e-17 3.19e-17 13.58 -565.79
F08865 -16.599   0.936 6.57e-17 4.76e-17 3.49e-17 15.23 -565.95
F08880 -16.514   0.974 5.76e-17 5.08e-17 3.39e-17 23.05 -566.01
F08875 -16.514   1.110 7.55e-17 5.23e-17 3.21e-17 13.00 -566.32
F08891 -16.467   0.564 4.01e-17 2.12e-17 1.80e-17 34.79 -565.89
