name x y flux1 flux2 flux3 par rv
P04971 -29.544   7.478 3.08e-13 1.43e-13 7.69e-14   0.002    0.77
P09731 -29.038   7.510 3.60e-17 4.04e-17 2.75e-17   0.002    0.98
P01785 -28.664   7.227 1.93e-16 1.55e-16 9.05e-17   0.001    0.86
P08689 -28.629   7.266 4.13e-14 1.17e-13 2.08e-13   0.003    0.84
P03584 -28.479   6.925 1.87e-16 1.43e-16 9.41e-17   0.003    0.50
P05262 -28.175   7.000 1.33e-14 6.97e-15 3.21e-15   0.003    0.56
P03161 -28.008   6.761 2.77e-16 2.15e-16 1.41e-16   0.002    0.96
P08063 -27.441   6.407 2.22e-15 1.31e-15 6.93e-16   0.001    0.72
P09355 -27.425   6.722 1.43e-16 1.22e-16 6.91e-17   0.001    0.79
P08770 -27.451   6.390 3.62e-17 3.18e-17 2.30e-17   0.001    0.81
P02307 -27.348   6.408 6.77e-15 3.56e-15 1.66e-15   0.001    0.49
P07576 -27.259   6.573 4.86e-13 5.49e-13 3.48e-13   0.002    0.24
P03390 -27.155   6.245 2.30e-16 1.63e-16 1.04e-16   0.002   -0.11
P07984 -27.125   6.327 8.52e-15 4.06e-15 1.98e-15   0.000    0.33
P01427 -26.834   5.752 2.77e-16 1.98e-16 1.11e-16   0.001   -0.42
P08140 -26.747   6.136 1.43e-14 5.65e-14 1.53e-13   0.002    0.20
P05535 -26.826   5.861 7.52e-15 3.79e-15 1.76e-15   0.001   -1.79
P00347 -26.651   5.352 3.20e-15 1.81e-15 9.38e-16   0.002   -0.52
P04277 -26.665   5.763 1.36e-16 1.11e-16 6.90e-17   0.000    0.40
P06457 -26.625   6.106 3.31e-16 2.75e-16 1.39e-16   0.001    0.40
P04484 -26.482   5.999 1.27e-17 1.37e-17 1.16e-17   0.001    0.13
P01723 -26.595   5.461 7.20e-15 3.18e-15 1.65e-15   0.001   -0.23
P07982 -26.416   6.064 8.44e-15 4.58e-15 2.30e-15   0.002   -1.19
P02824 -26.468   5.903 1.02e-16 8.52e-17 6.77e-17   0.003   -1.03
P10210 -26.456   6.065 4.61e-16 3.40e-16 2.03e-16   0.002   -0.87
P08666 -26.415   5.605 4.01e-13 2.10e-13 1.10e-13   0.001   -0.29
P01972 -26.168   5.482 1.77e-14 8.28e-15 4.57e-15   0.000   -0.12
P04522 -26.087   5.659 5.44e-15 2.84e-15 1.47e-15   0.002   -0.28
P05534 -26.102   5.623 1.45e-14 7.26e-15 3.32e-15  -0.000   -0.47
P08529 -26.004   5.566 1.05e-14 5.34e-15 2.65e-15   0.002   -0.97
P00886 -25.915   5.306 5.30e-16 3.54e-16 1.91e-16   0.001   -0.32
P05787 -25.966   6.319 2.50e-15 1.37e-15 6.76e-16   0.001   -0.12
P07019 -25.725   4.806 1.04e-17 1.16e-17 1.04e-17   0.001   -0.80
P05896 -25.920   5.058 1.13e-17 1.27e-17 1.25e-17   0.000   -0.83
P08933 -25.689   5.407 4.55e-13 2.29e-13 9.07e-14   0.003   -0.70
P00079 -25.691   5.142 1.17e-17 1.36e-17 1.04e-17   0.001   -0.64
P01619 -25.710   5.081 1.68e-14 8.12e-15 3.77e-15   0.002   -1.53
P02747 -25.796   5.485 8.90e-16 6.17e-16 3.59e-16   0.002   -1.00
P08130 -25.792   5.446 9.77e-15 4.95e-15 2.48e-15   0.002   -1.20
P07250 -25.634   5.384 1.88e-15 1.27e-15 6.43e-16   0.002   -0.60
P03259 -25.699   5.765 6.35e-13 5.27e-13 3.39e-13  -0.000   -0.99
P10179 -25.728   5.336 1.97e-14 8.59e-15 4.03e-15   0.001   -1.46
P04241 -25.526   5.844 1.03e-14 5.01e-15 2.46e-15   0.002   -0.51
P00595 -25.670   5.589 3.49e-15 1.90e-15 9.49e-16  -0.000   -0.96
P02430 -25.479   5.594 2.03e-15 1.24e-15 6.48e-16   0.002   -1.48
P07990 -25.578   5.515 4.12e-15 2.37e-15 1.13e-15   0.001   -2.28
P09346 -25.480   4.922 7.65e-17 6.91e-17 5.07e-17  -0.001   -1.30
P01796 -25.554   4.612 2.19e-16 1.47e-16 1.05e-16   0.001   -1.51
P02802 -25.556   5.518 8.36e-16 5.67e-16 3.13e-16   0.001   -0.91
P10166 -25.566   4.883 2.80e-13 1.47e-13 6.46e-14   0.000   -1.44
P09852 -25.539   5.585 6.83e-15 4.20e-15 2.14e-15  -0.001   -0.88
P06218 -25.407   5.242 6.83e-15 3.81e-15 1.66e-15   0.001   -1.63
P07519 -25.581   5.126 7.53e-17 7.07e-17 4.71e-17  -0.001   -1.54
P05315 -25.478   5.684 1.81e-14 9.62e-15 3.89e-15   0.001   -1.33
P00975 -25.518   5.039 9.63e-16 5.01e-16 3.28e-16   0.001   -2.18
P00538 -25.413   5.182 1.00e-17 1.27e-17 1.02e-17   0.001   -1.31
P00508 -25.450   4.635 9.64e-15 5.17e-15 2.37e-15   0.001   -2.30
P01365 -25.385   5.230 1.03e-17 1.11e-17 9.49e-18   0.003   -1.15
P07128 -25.383   4.531 1.74e-16 1.30e-16 8.16e-17   0.001   -2.75
P03876 -25.379   5.043 1.35e-16 1.19e-16 8.65e-17   0.001   -2.43
P01027 -25.251   5.221 2.56e-14 1.08e-14 4.97e-15   0.002   -2.18
P01596 -25.375   5.065 1.58e-15 9.66e-16 5.01e-16   0.001   -1.75
P00112 -25.302   5.306 8.82e-15 4.97e-15 2.35e-15   0.000   -2.18
P03669 -25.383   5.246 3.36e-17 3.65e-17 2.22e-17   0.001   -1.58
P02870 -25.257   4.843 2.75e-13 1.31e-13 6.01e-14   0.002   -2.40
P09127 -25.256   5.128 6.81e-17 4.77e-17 3.62e-17   0.002   -2.22
P10263 -25.144   5.679 1.73e-17 1.88e-17 1.59e-17   0.002   -1.57
P02655 -25.160   5.094 3.23e-15 2.02e-15 9.50e-16   0.001   -2.18
P10290 -25.205   4.968 8.06e-13 4.65e-13 3.35e-13   0.001   -2.69
P07034 -25.111   5.213 2.74e-13 1.41e-13 6.03e-14  -0.001   -1.67
P08674 -25.304   5.275 1.28e-17 1.43e-17 1.27e-17   0.003   -1.84
P02446 -25.252   5.319 3.94e-13 1.78e-13 8.38e-14   0.002   -2.34
P07064 -25.218   5.184 2.60e-16 2.07e-16 1.15e-16   0.003   -2.49
P06723 -25.089   5.043 1.78e-14 1.04e-14 4.44e-15   0.004   -2.53
P09718 -25.254   5.087 4.12e-17 4.24e-17 2.89e-17   0.001   -2.70
P09948 -25.238   5.026 3.85e-15 2.23e-15 1.08e-15   0.001   -2.55
P03727 -25.155   5.090 1.39e-16 1.19e-16 6.36e-17   0.002   -2.73
P04777 -25.105   5.218 2.16e-15 1.16e-15 5.97e-16   0.003   -3.31
P07423 -25.140   5.130 6.86e-17 6.10e-17 4.40e-17   0.001   -3.25
P09736 -25.043   4.637 2.43e-14 1.17e-14 5.10e-15  -0.000   -3.66
P02731 -25.203   5.277 1.15e-17 1.27e-17 1.11e-17   0.000   -3.10
P01202 -25.025   5.212 2.36e-16 1.82e-16 1.13e-16   0.004   -3.13
P09960 -25.158   5.225 2.32e-14 1.21e-14 6.31e-15   0.002   -3.34
P03166 -24.961   4.742 2.25e-14 1.08e-14 5.24e-15   0.002   -3.86
P03863 -24.887   5.705 1.10e-17 1.17e-17 1.12e-17   0.001   -2.32
P08083 -24.873   5.008 1.03e-13 2.10e-13 3.27e-13   0.003   -3.99
P08199 -24.910   5.505 2.14e-15 1.35e-15 6.90e-16   0.000   -2.74
P08177 -24.899   5.183 1.35e-16 1.01e-16 7.59e-17   0.002   -2.97
P09684 -24.850   4.676 2.58e-15 1.54e-14 5.83e-14   0.001   -4.14
P05882 -24.967   4.374 1.96e-15 1.23e-15 5.15e-16   0.003   -4.04
P08740 -24.971   4.895 7.24e-16 5.40e-16 2.85e-16   0.003   -3.77
P03144 -24.879   4.720 4.42e-15 2.20e-15 1.11e-15   0.002   -3.92
P09573 -24.944   4.732 3.53e-15 1.81e-15 9.07e-16   0.001   -4.13
P09212 -24.800   5.068 1.84e-17 8.59e-18 3.59e-18   0.003   -3.29
P08031 -24.806   4.864 5.62e-13 3.40e-13 1.88e-13   0.002   -3.82
P09800 -24.814   4.983 7.87e-16 5.00e-16 2.65e-16   0.000   -3.12
P03070 -24.617   4.881 1.34e-14 6.36e-15 3.24e-15   0.001   -4.17
P09667 -24.594   5.131 1.24e-14 5.58e-15 2.78e-15   0.001   -4.11
P09024 -24.783   5.164 8.31e-17 7.21e-17 5.08e-17   0.001   -4.28
P05683 -24.699   4.490 6.78e-13 5.55e-13 3.04e-13   0.002   -4.35
P06295 -24.594   4.780 2.38e-13 1.18e-13 6.09e-14   0.003   -4.76
P07752 -24.566   5.474 4.16e-15 2.60e-15 1.12e-15   0.002   -3.62
P04660 -24.675   4.768 3.85e-15 1.98e-15 1.14e-15   0.002   -3.99
P00893 -24.712   4.769 7.88e-16 5.89e-16 3.06e-16  -0.000   -4.70
P10120 -24.575   4.745 2.67e-17 2.89e-17 2.15e-17   0.003   -3.60
P09236 -24.527   4.874 2.79e-17 2.99e-17 2.21e-17  -0.000   -4.43
P02768 -24.374   4.560 6.28e-13 3.89e-13 2.04e-13   0.002   -4.27
P05020 -24.382   5.175 3.42e-16 2.71e-16 1.48e-16   0.001   -3.46
P00710 -24.393   4.282 1.20e-14 6.68e-15 2.92e-15   0.001   -4.58
P02466 -24.387   4.564 5.40e-16 3.53e-16 2.20e-16   0.001   -4.41
P05378 -24.283   4.974 7.31e-13 5.76e-13 2.93e-13   0.001   -3.78
P00000 -24.414   4.843 4.64e-13 5.04e-13 3.98e-13  -0.000   -4.34
P10207 -24.319   4.507 3.28e-14 1.64e-14 6.60e-15   0.003   -5.14
P06905 -24.285   4.527 1.33e-17 1.39e-17 1.28e-17   0.003   -4.36
P03938 -24.243   4.026 3.46e-14 1.70e-14 7.58e-15   0.002   -5.00
P02072 -24.148   4.807 2.58e-15 1.34e-15 6.82e-16   0.002   -4.84
P07704 -24.159   4.675 6.41e-15 3.78e-15 1.65e-15   0.001   -4.47
P06556 -24.015   4.481 7.76e-16 4.49e-16 2.72e-16   0.003   -5.43
P07965 -23.960   4.243 1.45e-15 9.18e-16 4.53e-16   0.001   -4.93
P09253 -23.931   4.276 1.88e-16 1.58e-16 9.38e-17   0.002   -4.44
P03141 -23.853   4.428 5.80e-16 3.64e-16 2.34e-16   0.002   -5.61
P03412 -23.729   4.300 2.76e-14 1.58e-14 5.91e-15   0.001   -5.65
P02393 -23.557   4.080 1.83e-14 8.25e-15 3.85e-15   0.001   -5.24
P05779 -23.517   4.353 5.43e-13 5.75e-13 4.33e-13   0.001   -5.49
P01632 -23.404   4.395 1.06e-17 1.16e-17 9.99e-18   0.001   -5.69
P02834 -23.294   4.291 2.56e-13 1.42e-13 5.68e-14   0.002   -5.76
P02544 -23.284   4.013 5.24e-13 3.06e-13 1.58e-13  -0.001   -5.85
P09149 -23.230   3.776 1.44e-17 6.50e-18 2.89e-18  -0.000   -5.75
P03974 -23.178   3.951 1.36e-14 7.05e-15 3.32e-15   0.002   -5.96
P00691 -23.188   4.235 4.22e-15 2.44e-15 1.04e-15   0.000   -5.62
P00418 -23.021   3.815 1.24e-17 1.30e-17 1.06e-17   0.003   -4.58
P07534 -22.840   3.813 1.21e-16 1.16e-16 6.51e-17   0.002   -5.32
P02090 -22.707   3.783 1.97e-15 9.61e-16 5.38e-16   0.001   -5.87
P07430 -22.587   3.104 3.11e-15 1.78e-15 8.81e-16   0.001   -4.76
P06699 -22.375   3.564 1.53e-14 8.38e-15 3.41e-15   0.001   -6.15
P07174 -22.200  12.948 3.19e-17 4.84e-17 4.85e-17   0.005    0.58
P05848 -22.249   3.570 1.21e-14 6.49e-15 2.61e-15   0.002   -5.25
P07517 -22.049   2.853 3.42e-16 2.68e-16 1.24e-16   0.000   -6.22
P08723 -21.603   2.982 1.63e-14 7.13e-15 3.47e-15   0.002   -6.21
P08845 -21.155   2.501 3.79e-17 3.89e-17 2.79e-17   0.002   -5.82
P09120 -20.273   6.625 5.70e-17 6.91e-17 5.97e-17   0.003    1.78
P04175 -19.122   1.658 2.83e-15 1.83e-15 9.50e-16   0.001   -5.77
P05196 -17.559  14.839 1.99e-17 3.00e-17 3.76e-17   0.007   -2.44
P05125 -15.307   7.710 8.58e-17 9.28e-17 7.51e-17   0.003    1.61
P05084 -15.102   7.079 1.79e-12 8.74e-13 3.90e-13   0.003    0.75
