name x y flux1 flux2 flux3 par rv
P07267 -44.540  13.662 1.21e-16 7.75e-17 4.17e-17   0.000    1.97
P06239 -44.505  13.473 2.12e-16 1.54e-15 6.62e-15   0.001    1.91
P01382 -44.377  13.841 7.04e-16 3.74e-16 1.83e-16   0.000    1.90
P00359 -43.801  13.391 2.61e-15 1.50e-15 6.86e-16  -0.001    2.05
P08305 -43.335  13.617 2.63e-15 1.44e-15 5.97e-16  -0.000    1.51
P10028 -36.003  14.382 3.35e-14 2.10e-14 1.12e-14   0.010   -0.74
P01659 -34.923  13.944 1.39e-15 8.57e-16 4.91e-16   0.002    1.23
P02352 -31.415  12.147 3.74e-13 1.85e-13 8.38e-14   0.000    1.51
P06069 -30.794  14.849 1.48e-14 7.40e-15 3.45e-15   0.001    0.39
P07380 -30.717  11.023 1.05e-15 7.44e-16 3.55e-16   0.002    1.64
P02253 -30.623  11.246 3.88e-15 2.19e-15 1.03e-15  -0.000    1.59
P10183 -30.262   9.960 5.36e-13 2.65e-13 1.45e-13   0.001    1.91
P00284 -30.084  12.724 6.67e-13 5.68e-13 4.02e-13   0.002    0.77
