name x y flux1 flux2 flux3 par rv
P06097 -29.782   3.968 4.06e-15 2.19e-15 1.12e-15   0.004   -1.78
P08399 -29.487  10.475 1.64e-16 8.26e-17 3.78e-17   0.013   -1.44
P07540 -29.289   3.602 3.61e-17 3.47e-17 3.14e-17   0.003   -1.83
P01493 -29.384   6.074 3.22e-15 1.97e-15 1.06e-15   0.001   -1.38
P01987 -28.934   2.781 2.10e-15 1.30e-15 7.53e-16  -0.000   -1.94
P06348 -28.868   3.829 2.62e-14 1.38e-14 6.26e-15   0.001   -1.70
P06701 -28.773  10.560 2.30e-16 1.63e-16 1.11e-16   0.002   -1.06
P05302 -28.544   4.301 6.04e-14 2.98e-14 1.34e-14   0.002   -1.50
P06655 -28.346   3.663 6.87e-15 3.86e-15 1.73e-15   0.002   -1.65
P01902 -28.246   8.783 4.53e-16 3.20e-16 2.07e-16   0.003   -0.97
P04176 -28.088   5.357 1.97e-14 1.17e-14 5.56e-15  -0.000   -1.20
P03597 -28.120   2.260 5.93e-16 4.24e-16 2.97e-16   0.002   -2.07
P02304 -28.208   5.938 1.30e-15 8.17e-16 4.96e-16   0.000   -1.13
P01646 -27.846   0.497 3.94e-16 3.31e-16 1.98e-16   0.003   -2.48
P04560 -27.548   0.416 5.53e-15 3.31e-15 1.54e-15   0.002   -2.50
P00376 -27.443   1.955 3.15e-14 1.51e-14 7.70e-15   0.001   -2.07
P05711 -27.243   0.832 3.22e-17 3.40e-17 3.25e-17   0.004   -2.47
P05846 -27.149   5.349 7.97e-17 6.64e-17 5.55e-17   0.001   -1.02
P02127 -27.120   1.447 8.75e-17 7.86e-17 5.33e-17   0.001   -2.23
P02419 -27.123   2.953 3.03e-14 1.52e-14 7.11e-15   0.003   -1.53
P02042 -26.993   1.080 6.55e-16 4.25e-16 2.52e-16   0.002   -2.29
P03349 -26.932   1.839 1.74e-17 1.91e-17 1.90e-17   0.003   -2.20
P02493 -27.170   1.439 3.58e-15 2.16e-15 1.10e-15   0.003   -2.34
P05304 -26.903   3.628 1.13e-12 7.50e-13 4.23e-13   0.002   -1.28
P09475 -26.909   3.391 3.08e-17 2.99e-17 2.60e-17   0.001   -1.42
P08294 -26.760   2.755 8.41e-13 8.76e-13 7.78e-13   0.002   -1.62
P10246 -26.842   1.275 2.75e-17 2.86e-17 2.45e-17   0.000   -2.34
P02443 -26.831   2.688 6.62e-17 6.97e-17 5.33e-17   0.001   -1.57
P01609 -26.802   2.885 1.51e-15 8.42e-16 4.95e-16   0.002   -1.39
P09572 -26.664   3.242 5.45e-13 3.06e-13 1.56e-13   0.001   -1.28
P09219 -26.757   2.628 1.59e-15 9.58e-16 5.16e-16   0.003   -1.63
P09887 -26.764   1.949 1.24e-12 1.01e-12 6.27e-13   0.003   -2.08
P04407 -26.676   8.743 2.50e-17 2.65e-17 2.23e-17  -0.000   -0.74
P06051 -26.676   4.003 3.30e-15 2.07e-15 1.13e-15   0.002   -1.06
P04865 -26.586   2.426 4.87e-13 2.67e-13 1.21e-13   0.001   -1.80
P02585 -26.525   2.116 6.57e-15 3.47e-15 1.72e-15   0.000   -2.03
P03338 -26.559   3.066 1.23e-12 1.01e-12 6.68e-13   0.003   -1.26
P09601 -26.557   2.069 9.46e-17 7.35e-17 5.58e-17   0.002   -2.06
P02337 -26.567   2.475 2.81e-16 2.22e-16 1.38e-16   0.003   -1.70
P08648 -26.447   2.150 7.29e-17 7.67e-17 5.08e-17   0.001   -2.02
P08964 -26.345   2.547 8.12e-14 2.13e-13 3.86e-13   0.003   -1.42
P09415 -26.425   2.672 1.93e-16 1.50e-16 1.09e-16   0.003   -1.69
P09577 -26.342   2.460 1.12e-16 1.00e-16 7.68e-17   0.001   -1.71
P03651 -26.284   2.500 2.31e-16 2.04e-16 1.24e-16   0.002   -1.61
P01981 -26.395   2.257 2.60e-15 1.47e-15 8.60e-16   0.001   -1.93
P04113 -26.258   1.826 3.55e-16 2.69e-16 1.73e-16   0.002   -2.17
P04923 -26.277   0.144 2.63e-16 2.37e-16 1.38e-16   0.003   -2.45
P06415 -26.237   1.065 1.30e-15 9.26e-16 5.27e-16   0.001   -2.32
P09335 -26.280   2.676 1.38e-14 8.15e-15 3.64e-15   0.002   -1.66
P06234 -26.306   2.491 1.04e-16 9.89e-17 6.76e-17   0.003   -1.44
P04561 -26.334   0.422 1.03e-14 5.53e-15 2.93e-15   0.003   -2.31
P02505 -26.260   0.878 1.37e-14 7.13e-15 3.50e-15   0.002   -2.34
P09243 -26.180   2.500 1.79e-16 1.44e-16 1.03e-16   0.003   -1.37
P00664 -26.188   2.074 1.86e-14 1.03e-14 4.68e-15   0.003   -1.98
P10189 -25.854   4.735 1.27e-17 1.64e-17 1.41e-17   0.001   -0.82
P00185 -26.012   2.268 6.66e-17 6.68e-17 5.44e-17   0.001   -1.68
P08935 -26.010   1.832 5.71e-16 4.07e-16 2.43e-16   0.004   -1.87
P05841 -25.853   2.757 1.51e-16 1.27e-16 9.58e-17   0.003   -1.26
P06386 -25.888   9.468 2.16e-14 1.02e-14 4.86e-15   0.003   -0.67
P03032 -25.820   0.439 3.93e-16 3.24e-16 1.94e-16   0.003   -2.20
P07740 -25.874   2.735 9.22e-13 5.30e-13 2.40e-13   0.002   -1.32
P05988 -25.840   0.943 1.03e-16 9.57e-17 6.37e-17   0.003   -2.16
P07006 -25.721   2.096 5.62e-13 3.06e-13 1.40e-13   0.004   -1.58
P03337 -25.483   3.043 1.16e-12 6.56e-13 3.80e-13   0.002   -1.12
P01553 -25.602   3.239 1.12e-12 6.50e-13 3.83e-13   0.003   -1.07
P06254 -25.156   4.192 2.64e-17 3.03e-17 2.54e-17   0.003   -0.82
P03800 -25.315   3.201 1.99e-15 1.28e-15 6.08e-16   0.002   -1.10
P00449 -25.096   1.189 5.23e-14 2.61e-14 1.20e-14   0.000   -1.87
P08048 -24.803   1.294 1.82e-15 1.90e-15 1.49e-15   0.015   -1.28
P00188 -24.149   1.701 4.87e-16 3.79e-16 2.21e-16   0.001   -1.54
P00479 -23.138   9.310 6.10e-17 3.62e-17 1.79e-17   0.014   -1.38
P05469 -22.205   8.671 3.88e-16 2.05e-16 1.03e-16   0.015   -1.29
P09600 -21.820   0.321 1.18e-17 1.45e-17 1.35e-17   0.004   -1.44
P10221 -21.134   1.463 2.01e-15 1.19e-15 6.39e-16   0.001   -1.23
P01952 -19.293  10.547 1.40e-14 7.25e-15 3.37e-15   0.003   -0.39
P06307 -18.980  12.892 1.34e-14 1.09e-14 6.35e-15   0.015   -1.21
P09721 -17.118  12.840 4.20e-11 2.62e-11 1.12e-11   0.012   -1.22
