name x y flux1 flux2 flux3 par rv
P09630  30.448 -32.662 3.64e-17 2.42e-17 1.27e-17   0.007   -3.57
P02327  30.523 -31.325 1.04e-11 9.67e-12 6.72e-12   0.006   -3.69
P09401  30.426 -44.212 3.87e-15 2.90e-15 1.91e-15   0.007   -2.26
P06263  30.576 -34.374 5.97e-13 2.45e-13 1.34e-13   0.022    0.99
P08393  30.615 -31.233 2.58e-15 1.81e-15 1.21e-15   0.005   -3.33
P06702  31.084 -30.406 2.21e-14 8.49e-15 3.74e-15   0.001    2.84
P03629  32.004 -34.735 1.80e-13 1.32e-13 1.36e-13   0.097    0.14
P01200  33.242 -31.349 2.37e-17 2.45e-17 1.92e-17  -0.000    2.85
P06322  33.316 -33.519 8.71e-16 1.17e-15 1.20e-15   0.023    1.12
P02092  33.498 -34.239 9.43e-15 5.28e-15 3.38e-15   0.007   -3.68
P08570  33.730 -30.995 9.67e-15 4.54e-15 2.42e-15   0.002    2.69
P10340  34.024 -39.210 1.48e-14 1.68e-14 1.17e-14   0.028    0.76
P01764  33.965 -37.210 5.44e-13 3.52e-13 1.32e-13   0.018    0.88
P05006  34.453 -41.959 1.12e-13 8.13e-14 3.45e-14   0.008   -2.90
P04049  34.516 -33.138 3.45e-15 2.84e-15 2.08e-15   0.005   -3.73
P04444  35.071 -39.303 2.00e-12 8.74e-13 4.72e-13   0.015    0.45
P02353  35.734 -31.981 1.93e-13 1.03e-13 4.29e-14   0.003    2.29
P02577  35.882 -38.811 8.65e-13 5.09e-13 2.30e-13   0.013    0.31
P08847  35.877 -35.548 4.28e-16 2.76e-16 1.90e-16   0.001    1.13
P01281  36.109 -33.755 4.86e-15 3.27e-15 2.18e-15   0.006   -3.59
P05991  36.050 -37.205 7.50e-14 4.41e-14 3.19e-14   0.019    0.95
P04235  36.526 -37.246 5.64e-14 4.08e-14 2.01e-14   0.005   -3.64
P07049  36.492 -40.583 2.34e-16 3.07e-16 2.87e-16   0.013    0.17
P05066  36.700 -34.459 4.32e-12 2.21e-12 1.04e-12   0.022    1.01
P06559  36.933 -38.265 2.25e-15 2.81e-15 2.17e-15   0.023    1.05
P00420  37.190 -34.447 8.60e-16 4.83e-16 3.47e-16   0.003    2.49
P03612  37.266 -32.735 5.28e-15 2.85e-15 1.46e-15   0.001    2.26
P05925  37.531 -34.067 3.69e-17 3.64e-17 2.46e-17   0.002    2.36
P10208  37.890 -40.760 4.28e-17 8.63e-17 1.23e-16   0.024    0.94
P02356  37.798 -35.728 1.83e-14 9.68e-15 4.13e-15  -0.000    0.88
P04327  38.207 -42.301 1.05e-11 4.61e-12 2.09e-12   0.028    0.71
P06371  38.153 -35.037 4.61e-13 2.86e-13 1.16e-13   0.000    1.75
P00139  38.304 -41.885 2.10e-15 1.07e-15 4.01e-16   0.021    0.74
P05240  38.450 -34.883 2.74e-16 1.80e-16 1.15e-16   0.001    2.44
P06140  38.509 -34.491 1.50e-14 8.47e-15 2.58e-15   0.001    2.45
P01051  38.755 -40.428 3.37e-14 2.49e-14 1.55e-14   0.015    0.44
P06066  38.676 -34.984 2.61e-14 1.36e-14 6.20e-15   0.001    2.26
P09255  38.701 -34.022 1.97e-14 6.39e-14 1.33e-13   0.001    1.82
P05839  38.911 -34.416 2.69e-16 1.70e-16 9.43e-17   0.001    2.38
P06120  38.919 -33.903 7.87e-16 4.43e-16 2.58e-16   0.000    1.49
P09505  38.957 -34.430 1.82e-15 1.56e-15 9.60e-16   0.006   -3.62
P01102  39.148 -35.769 1.59e-16 1.26e-16 7.41e-17   0.002    1.53
P02735  39.256 -44.054 9.92e-16 1.40e-15 1.58e-15   0.050    0.22
P04345  39.363 -33.945 8.85e-17 7.57e-17 3.96e-17   0.000    1.21
P10238  39.220 -34.884 9.88e-15 5.57e-15 2.60e-15  -0.000    2.24
P10162  39.349 -35.217 1.73e-14 7.81e-15 3.67e-15   0.002    2.14
P00485  39.509 -34.588 1.62e-14 8.26e-15 3.40e-15   0.001    2.28
P09972  39.499 -35.453 9.37e-17 1.03e-16 5.28e-17   0.000    1.96
P07549  39.396 -35.716 5.19e-15 2.60e-15 1.27e-15   0.002    1.61
P02407  39.633 -34.820 4.49e-17 3.56e-17 2.67e-17   0.001    1.87
P08225  39.873 -38.465 5.41e-13 2.73e-13 1.32e-13   0.015    0.26
P10327  39.872 -34.516 4.99e-16 3.34e-16 1.63e-16   0.002    2.08
P00324  39.989 -34.815 3.91e-13 2.76e-13 1.45e-13   0.003    0.42
P02562  40.014 -34.256 1.72e-14 9.80e-15 4.41e-15   0.001    0.71
P06303  40.167 -36.449 7.51e-16 6.45e-16 2.81e-16   0.002    0.19
P07631  40.244 -35.191 5.64e-17 4.68e-17 3.24e-17   0.002    1.19
P03360  40.051 -35.282 2.72e-15 1.50e-15 6.12e-16   0.000    1.60
P06630  40.243 -34.827 4.59e-13 2.83e-13 1.66e-13   0.003    0.40
P07690  40.165 -33.199 1.14e-14 5.91e-15 2.79e-15   0.000   -0.01
P02976  40.372 -35.653 1.74e-14 5.74e-14 1.47e-13   0.000    1.49
P01458  40.198 -35.740 5.38e-15 3.39e-15 1.37e-15   0.001    0.30
P01700  40.266 -34.584 3.87e-16 2.24e-16 1.35e-16   0.002    1.11
P02868  40.357 -36.056 5.64e-16 3.74e-16 1.98e-16   0.002    0.20
P00503  40.458 -35.771 1.10e-15 6.11e-16 3.47e-16   0.000    1.12
P01864  40.391 -35.269 1.31e-17 2.12e-17 2.50e-17   0.005   -3.71
P00364  40.438 -35.704 1.62e-14 9.77e-15 4.50e-15   0.002    1.15
P02158  40.574 -36.050 4.98e-15 2.54e-15 1.23e-15  -0.000    0.64
P08447  40.613 -35.588 1.75e-16 1.28e-16 8.12e-17   0.003    1.13
P02687  40.603 -35.524 2.50e-14 1.29e-14 5.55e-15   0.001    0.95
P07577  40.656 -34.472 5.94e-17 4.57e-17 3.29e-17  -0.000    0.25
P04576  40.654 -35.775 1.86e-14 7.24e-15 4.03e-15   0.001    0.76
P06326  40.605 -34.856 5.16e-13 3.48e-13 1.55e-13   0.002    0.19
P04198  40.624 -36.391 6.62e-16 4.11e-16 2.31e-16   0.003   -0.27
P07013  40.769 -35.909 5.54e-15 2.73e-15 1.50e-15   0.002    0.50
P07516  40.789 -35.003 2.41e-13 1.03e-13 5.49e-14   0.001    0.47
P07325  40.772 -35.775 5.79e-13 3.51e-13 1.92e-13   0.002    0.44
P07259  40.753 -35.748 3.20e-15 1.93e-15 8.99e-16   0.004    0.81
P06360  40.713 -35.884 7.33e-17 5.10e-17 3.92e-17   0.003    0.75
P01833  40.754 -35.580 2.00e-13 9.45e-14 3.96e-14   0.002    0.98
P09469  40.865 -35.808 1.92e-16 1.38e-16 8.36e-17   0.001    0.26
P04352  40.900 -36.017 1.67e-13 2.89e-13 3.29e-13   0.002    0.48
P06258  40.890 -34.883 5.26e-16 3.11e-16 2.05e-16   0.001   -0.04
P03531  40.929 -35.656 2.23e-16 1.84e-16 1.01e-16  -0.001    0.11
P06492  40.799 -36.210 7.35e-16 4.79e-16 2.51e-16  -0.001    0.26
P10143  40.820 -36.408 5.18e-13 3.34e-13 2.21e-13   0.002   -0.32
P06918  40.812 -35.919 8.77e-15 3.75e-15 1.63e-15   0.001   -0.10
P00822  40.984 -35.946 6.67e-15 3.38e-15 1.74e-15   0.002    0.32
P06117  40.936 -35.830 2.31e-17 1.80e-17 1.44e-17  -0.001   -0.07
P00861  40.877 -36.181 2.24e-15 1.69e-15 7.64e-16   0.001   -0.38
P00466  41.075 -36.454 1.68e-17 1.81e-17 1.51e-17   0.001   -0.50
P01361  40.982 -36.219 1.52e-17 1.64e-17 1.23e-17   0.001   -0.39
P01139  41.026 -37.020 1.04e-15 6.72e-16 4.00e-16   0.002   -0.71
P00419  40.969 -35.944 1.54e-15 1.05e-15 4.78e-16   0.001   -0.12
P04236  40.967 -35.993 7.36e-16 5.35e-16 2.91e-16   0.002   -0.05
P02986  41.057 -35.818 2.48e-15 1.45e-15 7.55e-16   0.001   -0.15
P09674  40.992 -36.353 1.65e-17 1.88e-17 1.08e-17   0.002   -0.63
P02816  41.078 -36.003 5.16e-16 3.44e-16 1.79e-16   0.003   -0.54
P06974  40.961 -35.079 4.84e-15 2.44e-15 1.51e-15   0.001   -0.27
P04219  40.996 -35.391 9.22e-17 6.25e-17 4.36e-17   0.002   -0.27
P03316  41.116 -35.881 3.53e-16 2.39e-16 1.42e-16  -0.000   -0.17
P03524  41.074 -36.050 3.44e-17 3.15e-17 2.51e-17   0.003   -0.79
P05890  41.031 -36.728 5.69e-16 4.12e-16 2.09e-16   0.001   -0.86
P05602  41.091 -36.208 2.05e-15 1.20e-15 5.05e-16   0.002   -0.70
P05746  41.077 -35.890 2.80e-16 2.02e-16 1.27e-16   0.001   -0.60
P08797  41.111 -35.713 1.97e-13 9.09e-14 5.55e-14   0.002   -0.57
P09142  41.075 -35.914 1.20e-14 7.20e-15 3.23e-15   0.002   -0.93
P03428  41.154 -35.843 4.55e-17 5.25e-17 3.17e-17   0.001   -0.92
P03526  41.152 -36.022 3.07e-15 1.45e-15 7.20e-16   0.003   -1.26
P09618  41.328 -36.069 3.08e-16 1.99e-16 1.30e-16   0.003   -1.01
P01926  41.152 -36.253 1.72e-17 1.82e-17 1.44e-17   0.003   -1.07
P06401  41.296 -35.902 2.76e-17 2.44e-17 1.97e-17  -0.000   -0.79
P04540  41.151 -43.549 4.97e-17 6.11e-17 7.55e-17   0.006   -3.45
P04085  41.217 -35.565 6.38e-17 4.66e-17 3.37e-17   0.003   -1.34
P03553  41.296 -36.150 1.30e-16 9.84e-17 7.49e-17   0.002   -1.79
P07202  41.223 -36.089 9.38e-17 8.03e-17 5.89e-17   0.001   -1.48
P05936  41.406 -36.046 1.55e-16 1.19e-16 7.95e-17   0.000   -1.38
P05429  41.463 -36.309 9.13e-17 7.34e-17 4.85e-17   0.002   -1.60
P02776  41.468 -36.030 9.52e-17 8.47e-17 4.97e-17   0.001   -1.32
P08411  41.438 -36.077 2.91e-15 1.65e-15 8.13e-16   0.000   -1.97
P05778  41.438 -35.745 1.10e-13 5.54e-14 2.66e-14   0.006   -3.59
P00413  41.460 -36.024 2.87e-13 1.29e-13 5.76e-14   0.001   -1.29
P00795  41.509 -36.549 1.15e-15 5.82e-16 3.25e-16   0.001   -1.50
P07713  41.709 -36.864 3.72e-16 2.99e-16 1.61e-16   0.002   -1.86
P09041  41.682 -36.570 8.34e-17 6.44e-17 4.29e-17   0.001   -1.70
P04187  41.680 -36.245 7.94e-15 3.70e-15 1.98e-15   0.001   -1.47
P03294  41.693 -36.271 4.37e-13 2.89e-13 1.56e-13   0.001   -2.43
P08381  41.812 -36.806 3.60e-17 3.40e-17 2.49e-17   0.000   -2.26
P09439  41.828 -36.943 2.92e-13 1.54e-13 7.77e-14   0.002   -1.94
P07247  41.760 -38.946 2.12e-12 1.42e-12 5.26e-13   0.021    0.95
P04067  41.830 -36.419 4.27e-16 3.04e-16 1.75e-16   0.001   -2.41
P06129  41.850 -36.230 3.57e-17 2.55e-17 2.04e-17   0.001   -1.94
P04952  41.876 -36.310 3.57e-16 2.43e-16 1.30e-16   0.001   -1.79
P07193  41.987 -36.505 1.41e-16 1.11e-16 7.94e-17   0.003   -2.63
P05861  41.960 -36.809 3.15e-17 3.48e-17 2.25e-17   0.001   -2.81
P08090  41.950 -36.962 3.40e-16 2.22e-16 1.62e-16   0.002   -2.70
P03563  42.189 -36.796 2.97e-15 1.74e-15 8.42e-16   0.002   -2.95
P01311  42.191 -36.438 4.51e-16 3.16e-16 1.61e-16   0.001   -1.92
P03206  42.109 -37.404 1.80e-16 1.21e-16 7.83e-17   0.001   -2.75
P09593  42.362 -37.688 2.05e-14 8.23e-15 3.93e-15  -0.001   -2.14
P03324  42.413 -36.544 3.35e-15 1.70e-15 8.15e-16   0.001   -2.48
P07165  42.354 -36.858 1.57e-15 1.06e-15 4.96e-16   0.001   -3.16
P06841  42.439 -35.699 1.36e-15 8.35e-16 4.25e-16   0.001   -1.35
P02697  42.384 -37.234 1.77e-14 7.54e-15 3.48e-15   0.002   -3.07
P00422  42.572 -36.460 1.18e-15 7.83e-16 4.73e-16   0.001   -2.58
P04617  42.602 -37.578 8.10e-16 4.39e-16 2.41e-16   0.002   -2.54
P09639  42.671 -37.777 2.50e-17 2.64e-17 1.95e-17   0.001   -2.06
P01963  42.679 -36.697 7.20e-16 4.90e-16 2.65e-16   0.003   -3.30
P00530  42.773 -44.720 2.82e-13 1.90e-13 7.17e-14   0.021    0.98
P06523  42.889 -36.982 4.84e-16 3.11e-16 1.57e-16   0.000   -2.24
P02506  42.866 -36.610 1.43e-17 1.36e-17 1.06e-17   0.003   -2.28
P08236  43.164 -36.652 1.28e-16 8.79e-17 7.58e-17   0.002   -3.03
P07080  43.287 -37.223 1.90e-17 1.98e-17 1.62e-17   0.001   -3.27
P08212  43.311 -38.531 5.41e-15 3.62e-15 1.63e-15   0.000   -2.91
P07466  43.523 -38.165 1.82e-16 1.52e-16 8.47e-17   0.001   -2.97
P03138  43.718 -37.970 2.60e-15 1.56e-15 7.09e-16   0.002   -3.64
P06924  43.759 -38.335 1.36e-17 1.23e-17 9.66e-18   0.002   -3.33
P01991  43.801 -37.786 3.47e-15 2.07e-15 9.06e-16  -0.000   -3.55
P02890  43.933 -38.593 1.64e-16 1.27e-16 9.00e-17   0.000   -3.39
P03485  44.122 -39.417 1.88e-15 1.11e-15 5.51e-16   0.000   -2.79
P04024  44.295 -37.540 2.29e-15 1.21e-15 5.93e-16   0.001   -3.48
P07946  44.512 -37.756 1.87e-15 1.53e-15 1.11e-15   0.007   -3.57
P08423  44.938 -37.378 3.16e-17 3.62e-17 2.15e-17   0.001   -2.74
P04360  44.971 -37.608 2.67e-17 2.37e-17 2.21e-17   0.001   -3.28
