name x y flux0 flux1 flux2 width rv
F05092  19.960 -29.803 6.78e-17 6.11e-17 3.00e-17 34.52 -499.49
F05100  19.978 -29.947 7.07e-17 6.25e-17 2.65e-17 16.24 -499.28
F05101  20.066 -29.940 8.56e-17 4.09e-17 2.50e-17 26.65 -499.22
F05115  20.084 -29.702 9.82e-17 7.21e-17 5.19e-17 16.85 -499.26
F05114  20.109 -29.959 9.43e-17 4.92e-17 4.35e-17 29.69 -499.20
F05112  20.117 -29.876 5.09e-17 2.86e-17 2.71e-17 21.39 -499.18
F05090  20.119 -29.952 9.98e-17 6.77e-17 4.22e-17 27.10 -499.30
F05116  20.124 -29.903 5.76e-17 4.72e-17 3.23e-17 28.95 -499.08
F05086  20.143 -29.915 8.80e-17 4.22e-17 3.82e-17 28.21 -499.26
F05088  20.144 -29.914 8.95e-17 5.78e-17 3.33e-17 34.22 -499.36
F05103  20.152 -29.944 8.30e-17 5.22e-17 3.75e-17 24.13 -499.11
F05094  20.156 -29.920 8.30e-17 6.54e-17 3.18e-17 22.04 -499.29
F05105  20.157 -29.967 1.00e-16 5.84e-17 5.18e-17 27.89 -499.28
F05120  20.159 -29.975 9.93e-17 5.59e-17 4.01e-17 26.37 -499.24
F05098  20.167 -29.899 5.58e-17 5.38e-17 3.67e-17 14.97 -499.13
F05085  20.168 -29.974 8.29e-17 5.81e-17 5.17e-17 12.13 -499.29
F05118  20.169 -29.968 6.42e-17 5.41e-17 3.69e-17 12.43 -499.15
F05099  20.170 -29.917 7.04e-17 7.23e-17 3.62e-17 20.03 -499.20
F05102  20.171 -29.968 5.07e-17 2.93e-17 2.77e-17 24.78 -499.32
F05113  20.172 -29.906 9.71e-17 6.23e-17 4.17e-17 23.80 -499.04
F05110  20.174 -29.863 7.66e-17 5.30e-17 3.38e-17 22.35 -499.22
F05104  20.193 -29.978 5.05e-17 3.10e-17 2.64e-17 12.60 -499.26
F05096  20.221 -29.463 6.65e-17 4.75e-17 2.84e-17 21.82 -499.24
F05095  20.235 -29.760 1.28e-16 5.08e-17 4.20e-17 16.41 -499.28
F05109  20.280 -29.822 9.41e-17 7.06e-17 4.59e-17 14.15 -499.34
F05117  20.317 -29.779 7.99e-17 4.97e-17 3.90e-17 27.26 -499.11
F05106  20.324 -29.629 8.03e-17 6.20e-17 5.17e-17 18.36 -499.32
