name x y flux1 flux2 flux3 par rv
P01951  16.997 -18.196 2.82e-16 1.85e-16 8.46e-17   0.001    0.99
P04985  17.375 -19.086 8.69e-17 5.38e-17 3.18e-17  -0.001    0.36
P04647  17.626 -17.873 1.59e-16 1.02e-16 5.60e-17   0.001    1.37
P03657  17.530 -17.930 3.81e-16 2.15e-16 1.04e-16  -0.001    1.25
P00459  17.644 -20.401 1.41e-17 1.37e-17 8.93e-18   0.003   -0.02
P05971  17.569 -18.863 5.13e-14 3.11e-14 1.56e-14   0.001    0.50
P02600  17.677 -18.167 7.77e-14 5.92e-14 3.58e-14  -0.001    1.24
P01157  17.598 -18.996 2.39e-17 1.72e-17 1.16e-17   0.002    0.37
P03134  17.811 -18.674 3.26e-16 2.66e-16 1.23e-16  -0.001    0.60
P00583  17.794 -18.977 1.16e-15 5.15e-16 2.64e-16   0.000    0.33
P03923  17.805 -18.773 6.81e-14 3.92e-14 2.24e-14   0.002    0.56
P08638  17.973 -18.218 3.46e-14 1.70e-14 8.11e-15  -0.001    1.18
P08164  17.998 -18.286 3.92e-17 2.44e-17 1.44e-17   0.000    1.21
P07500  18.250 -19.720 3.60e-17 2.92e-17 1.76e-17   0.001   -0.02
P06828  18.023 -18.218 3.06e-14 1.56e-14 7.41e-15  -0.000    1.37
P03185  18.233 -18.459 4.62e-14 2.51e-14 1.19e-14  -0.000    1.00
P02252  18.153 -18.454 1.77e-16 1.11e-16 6.03e-17   0.001    0.83
P08095  18.213 -19.079 1.84e-16 1.54e-16 7.39e-17   0.002    0.11
P09027  18.368 -18.662 5.19e-15 1.36e-14 2.61e-14   0.001    0.73
P10110  18.291 -18.474 2.33e-16 1.21e-16 6.45e-17   0.002    1.08
P01683  18.441 -18.133 7.73e-16 4.05e-16 2.35e-16  -0.001    1.50
P08792  18.374 -18.357 3.93e-16 1.83e-16 9.33e-17   0.000    1.07
P09095  18.287 -18.582 5.02e-16 3.15e-16 1.51e-16  -0.001    0.64
P05783  18.248 -18.557 4.65e-14 2.21e-14 1.32e-14   0.001    0.57
P09846  18.307 -18.067 6.07e-17 3.56e-17 2.35e-17  -0.000    1.57
P04835  18.487 -18.812 2.61e-16 1.58e-16 7.79e-17   0.000    0.19
P08221  18.453 -19.052 5.04e-16 2.42e-16 1.44e-16   0.001    0.22
P00857  18.519 -18.439 4.98e-16 3.16e-16 1.59e-16   0.001    0.99
P00907  18.350 -18.731 2.57e-16 1.51e-16 7.89e-17   0.002    0.30
P09594  18.416 -18.530 2.01e-17 1.68e-17 9.23e-18   0.000    0.96
P08416  18.456 -18.465 1.08e-15 6.10e-16 3.23e-16   0.001    1.26
P08561  18.455 -18.368 4.04e-17 2.48e-17 1.46e-17   0.001    1.23
P09683  18.466 -18.602 2.39e-17 1.75e-17 1.01e-17   0.002    0.67
P05227  18.550 -18.645 7.27e-17 4.54e-17 2.62e-17   0.000    0.85
P09197  18.474 -18.578 6.53e-14 4.49e-14 2.90e-14  -0.001    0.55
P08607  18.489 -18.565 3.46e-17 2.42e-17 1.57e-17   0.002    0.66
P06569  18.598 -18.632 5.84e-17 3.93e-17 2.29e-17   0.002    0.44
P01684  18.510 -18.619 3.68e-15 1.57e-15 7.86e-16   0.001    0.55
P07555  18.500 -18.632 1.53e-17 1.04e-17 7.20e-18   0.002    0.81
P04102  18.584 -17.983 4.13e-17 2.82e-17 1.69e-17   0.001    1.68
P07463  18.534 -19.509 1.69e-15 9.09e-16 3.85e-16   0.001   -0.04
P06870  18.624 -18.355 1.12e-15 6.37e-16 2.61e-16   0.001    1.54
P08874  18.600 -18.462 9.30e-16 5.79e-16 2.21e-16  -0.000    1.08
P05597  18.512 -18.584 6.30e-14 3.82e-14 1.81e-14  -0.000    0.59
P05014  18.640 -18.373 3.65e-14 1.93e-14 8.39e-15   0.000    1.31
P01222  18.494 -18.451 7.01e-17 5.35e-17 2.63e-17   0.001    1.09
P06452  18.684 -18.945 4.89e-14 5.25e-14 4.92e-14   0.000    0.10
P06159  18.616 -18.653 3.01e-15 1.71e-15 5.93e-16   0.002    0.50
P09481  18.639 -18.990 1.55e-17 1.45e-17 9.52e-18  -0.000    0.26
P06025  18.615 -18.653 2.48e-17 2.24e-17 1.30e-17  -0.001    0.99
P05163  18.751 -18.581 2.93e-14 4.15e-14 5.19e-14  -0.000    0.86
P08292  18.739 -18.567 2.41e-16 1.42e-16 6.31e-17   0.001    1.05
P10000  19.051 -19.376 4.92e-14 2.89e-14 1.63e-14   0.002    0.16
P00099  18.892 -19.614 5.60e-16 3.42e-16 1.40e-16  -0.001    0.02
P08546  18.714 -18.404 1.84e-17 1.57e-17 9.21e-18   0.001    1.22
P07090  18.837 -18.297 2.47e-15 1.05e-15 6.02e-16   0.001    1.28
P05275  18.968 -18.689 3.35e-15 1.61e-15 8.07e-16  -0.000    0.48
P01809  18.960 -18.502 1.93e-15 8.18e-16 3.70e-16   0.000    0.91
P06589  19.024 -18.328 6.91e-16 3.51e-16 1.89e-16  -0.001    1.24
P08377  19.025 -18.659 1.86e-15 7.81e-16 4.19e-16  -0.002    0.77
P08843  19.131 -18.275 2.13e-15 9.92e-16 5.21e-16  -0.000    1.28
P01269  19.615 -19.154 2.52e-16 1.39e-16 7.81e-17   0.001    0.56
P02537  19.607 -18.227 1.82e-17 1.64e-17 1.01e-17   0.001    1.21
P02555  20.609 -19.253 3.13e-15 1.45e-15 7.64e-16  -0.001    0.64
P09961  23.528 -18.036 1.57e-15 8.27e-16 3.81e-16  -0.001    1.29
