name x y flux1 flux2 flux3 par rv
P08941 -29.998  -0.811 3.80e-16 2.20e-16 1.17e-16   0.002    0.66
P07779 -29.983  -0.640 8.46e-14 8.53e-14 5.80e-14   0.001    0.92
P05071 -29.953  -0.500 1.02e-15 5.13e-16 2.78e-16  -0.000    0.29
P04916 -29.943  -0.563 8.76e-16 5.77e-16 2.26e-16   0.001    0.36
P01260 -29.984  -0.701 8.02e-14 4.93e-14 2.80e-14   0.000    0.25
P06388 -29.905  -0.616 1.04e-17 9.31e-18 6.00e-18  -0.000    0.12
P06530 -29.832  -0.630 6.76e-14 3.97e-14 1.83e-14   0.000    0.16
P00163 -29.956  -0.617 4.66e-17 3.30e-17 2.06e-17   0.001   -0.16
P06101 -29.909  -0.487 4.31e-15 2.20e-15 1.02e-15  -0.001   -0.13
P00384 -29.957  -0.676 3.41e-16 1.98e-16 1.11e-16   0.001   -0.11
P10269 -29.882  -0.453 9.50e-16 4.51e-16 2.34e-16   0.002   -0.23
P01500 -29.960  -0.284 5.92e-16 3.45e-16 1.77e-16  -0.000   -0.15
P06628 -29.987  -0.271 6.69e-17 4.09e-17 2.62e-17   0.001   -0.21
P03341 -29.956  -0.862 7.59e-16 4.79e-15 1.31e-14  -0.001   -0.32
P01712 -29.932  -0.515 4.94e-15 2.22e-15 9.15e-16  -0.000   -0.61
P01886 -29.943  -0.694 3.31e-16 1.70e-16 8.96e-17   0.001   -0.76
P03215 -29.929  -0.803 3.09e-16 1.81e-16 1.00e-16   0.000   -0.88
P08842 -29.934  -0.751 5.84e-17 4.43e-17 2.29e-17   0.000   -0.50
P09543 -29.890  -0.472 2.29e-17 1.92e-17 1.14e-17   0.002   -0.97
P06429 -29.981  -0.431 8.14e-14 4.83e-14 2.50e-14   0.001   -0.39
P00088 -29.916  -0.600 3.50e-16 2.21e-16 1.17e-16   0.001   -0.86
P06395 -29.800  -0.541 1.00e-15 5.78e-16 2.58e-16   0.001   -0.35
P07289 -29.902  -0.601 3.18e-16 1.76e-16 8.84e-17   0.002   -0.90
P09040 -29.793  -0.723 7.59e-14 4.25e-14 2.16e-14   0.001   -0.52
P09369 -29.907  -0.508 6.11e-15 1.51e-14 3.16e-14   0.001   -1.03
P06011 -29.774  -0.477 5.25e-17 3.81e-17 2.30e-17   0.002   -1.18
P07410 -29.862  -1.094 4.00e-17 2.55e-17 1.67e-17   0.001   -0.54
P00790 -29.700  -0.568 2.74e-16 1.70e-16 8.55e-17   0.001   -1.64
P07809 -29.645  -0.546 6.12e-16 3.54e-16 1.81e-16  -0.002   -0.85
P09807 -29.625  -0.570 3.12e-15 1.30e-15 6.10e-16  -0.000   -1.72
P01779 -29.718  -0.564 7.28e-14 4.75e-14 2.52e-14  -0.002   -1.64
P02191 -29.609  -0.464 1.58e-15 7.09e-16 3.97e-16   0.001   -1.78
P01186 -29.528  -0.573 7.15e-14 3.65e-14 1.71e-14  -0.001   -1.96
P03549 -29.621  -0.487 3.22e-14 1.65e-14 7.88e-15   0.000   -2.22
P00349 -29.491  -0.963 7.25e-17 4.57e-17 2.84e-17   0.002   -1.23
P07432 -29.532  -0.614 6.39e-16 3.29e-16 1.71e-16   0.000   -2.34
P08884 -29.400  -0.759 8.13e-17 5.46e-17 3.44e-17   0.002   -2.11
P02487 -29.418  -0.072 8.69e-16 5.08e-16 2.52e-16   0.000   -1.08
P02806 -29.415  -0.422 4.65e-17 3.45e-17 1.93e-17   0.000   -2.32
P09217 -29.491  -0.957 3.26e-17 2.52e-17 1.51e-17  -0.000   -1.30
P02413 -29.382  -0.235 6.85e-16 3.75e-16 1.83e-16   0.001   -1.39
P06910 -29.466  -0.971 4.00e-16 2.34e-16 1.28e-16   0.000   -1.29
P02004 -29.368  -0.776 2.63e-17 1.86e-17 1.25e-17   0.002   -2.57
P05698 -29.277  -0.614 8.65e-17 6.08e-17 3.86e-17  -0.000   -2.25
P01398 -29.331  -0.289 2.45e-15 8.84e-15 2.20e-14   0.002   -2.01
P07700 -29.233  -0.706 2.10e-15 1.16e-15 4.61e-16   0.001   -2.78
P03761 -29.092  -0.154 3.98e-14 1.97e-14 8.17e-15  -0.001   -1.54
P07657 -29.158  -1.141 3.32e-17 2.21e-17 1.45e-17   0.002   -1.28
P10420 -29.094  -0.374 9.73e-16 5.72e-16 2.43e-16   0.001   -2.57
P07277 -28.990  -0.580 2.42e-15 1.26e-15 5.24e-16   0.002   -3.00
P07526 -28.878  -0.811 7.69e-17 5.59e-17 2.86e-17   0.000   -2.57
P00654 -28.922  -0.342 9.25e-14 5.37e-14 2.51e-14  -0.001   -2.99
P00427 -29.021  -0.459 1.70e-16 1.17e-16 5.53e-17   0.001   -3.06
P02473 -28.936  -0.502 2.74e-15 1.54e-15 7.12e-16   0.001   -2.68
P01323 -28.811  -0.256 6.56e-17 4.58e-17 2.51e-17   0.001   -2.98
P06265 -28.796  -0.432 3.92e-14 1.73e-14 7.56e-15  -0.001   -3.10
P06319 -28.780  -0.705 1.07e-13 6.71e-14 3.41e-14  -0.001   -2.98
P08073 -28.675  -0.197 1.02e-16 7.33e-17 4.29e-17  -0.002   -2.57
P09304 -28.588  -0.251 8.99e-14 7.94e-14 6.47e-14   0.001   -2.74
P02545 -28.387  -0.549 3.74e-16 2.39e-16 1.13e-16  -0.001   -3.25
P09054 -26.862  -0.845 2.16e-16 1.48e-16 7.03e-17  -0.000   -3.53
