name x y flux0 flux1 flux2 width rv
F09202 -13.403  34.159 1.50e-17 1.23e-17 8.30e-18 16.17 -1094.29
F09208 -13.046  33.826 1.60e-17 1.12e-17 7.27e-18  9.00 -1094.42
F09236 -13.009  33.791 2.20e-17 1.47e-17 1.06e-17  7.75 -1094.24
F09222 -12.960  33.847 2.22e-17 1.45e-17 1.01e-17 11.12 -1094.36
F09207 -12.957  33.826 1.89e-17 1.35e-17 9.23e-18  6.71 -1094.67
F09224 -12.956  34.157 1.63e-17 1.21e-17 6.64e-18 14.63 -1094.30
F09246 -12.943  33.617 2.27e-17 1.56e-17 1.05e-17 13.73 -1094.29
F09234 -12.942  33.881 1.86e-17 1.28e-17 8.22e-18 10.15 -1094.37
F09241 -12.929  33.755 1.86e-17 1.20e-17 7.68e-18 12.90 -1094.29
F09229 -12.913  33.726 1.59e-17 1.21e-17 7.99e-18  9.12 -1094.17
F09221 -12.905  33.786 2.00e-17 1.44e-17 8.65e-18 13.98 -1094.18
F09199 -12.892  33.938 2.16e-17 1.59e-17 9.46e-18 14.73 -1094.44
F09196 -12.889  33.771 1.67e-17 1.15e-17 8.46e-18  9.47 -1094.20
F09227 -12.883  33.749 2.16e-17 1.41e-17 8.93e-18 15.44 -1094.42
F09237 -12.870  33.656 1.58e-17 1.05e-17 7.50e-18  6.79 -1094.39
F09204 -12.868  33.729 1.56e-17 1.17e-17 7.44e-18 13.21 -1094.28
F09209 -12.867  33.753 1.77e-17 1.25e-17 7.39e-18 18.59 -1094.32
F09235 -12.862  33.766 1.66e-17 1.10e-17 6.80e-18 10.08 -1094.16
F09203 -12.862  33.747 1.59e-17 1.15e-17 7.54e-18 10.47 -1094.53
F09242 -12.860  33.750 1.56e-17 1.06e-17 6.54e-18  8.79 -1094.32
F09219 -12.858  33.726 1.57e-17 1.19e-17 7.14e-18  7.27 -1094.24
F09226 -12.858  33.771 1.80e-17 1.11e-17 8.41e-18  9.74 -1094.30
F09206 -12.851  33.809 1.87e-17 1.33e-17 8.09e-18  9.45 -1094.32
F09225 -12.849  33.749 1.86e-17 1.29e-17 8.33e-18  8.23 -1094.10
F09223 -12.840  33.746 1.72e-17 1.14e-17 5.93e-18 10.16 -1094.32
F09197 -12.835  33.837 1.54e-17 1.02e-17 7.59e-18  4.32 -1094.41
F09216 -12.825  33.738 1.66e-17 1.20e-17 8.69e-18 10.35 -1094.41
F09243 -12.823  33.676 1.88e-17 1.31e-17 8.07e-18 14.04 -1094.24
F09214 -12.823  33.720 1.74e-17 1.23e-17 7.47e-18  8.88 -1094.32
F09230 -12.805  33.706 1.80e-17 1.37e-17 8.97e-18 13.79 -1094.15
F09232 -12.791  33.822 1.69e-17 1.38e-17 8.07e-18 13.87 -1094.43
F09215 -12.775  33.997 1.38e-17 1.01e-17 6.59e-18  9.76 -1094.29
F09218 -12.768  33.766 1.91e-17 1.34e-17 8.86e-18 10.59 -1094.24
F09198 -12.765  33.768 1.68e-17 1.25e-17 8.16e-18  9.36 -1094.34
F09239 -12.754  33.781 1.48e-17 1.10e-17 7.25e-18  8.15 -1094.27
F09210 -12.737  33.731 1.71e-17 1.37e-17 7.20e-18  5.26 -1094.25
F09211 -12.630  33.728 1.76e-17 1.11e-17 7.49e-18 12.02 -1094.26
F09200 -12.473  33.644 1.80e-17 1.09e-17 7.99e-18 10.13 -1094.20
F01166 -10.410  37.485 7.31e-17 4.74e-17 3.28e-17 26.74 -553.20
F01174 -10.211  37.246 5.86e-17 4.67e-17 2.96e-17 14.99 -553.41
F01165 -10.131  37.240 6.85e-17 4.76e-17 2.98e-17 15.43 -553.23
F01173 -10.110  37.315 5.63e-17 3.97e-17 2.71e-17 20.84 -553.30
F01161 -10.079  37.303 6.87e-17 4.93e-17 3.26e-17 19.46 -553.33
F01171 -10.070  37.339 4.35e-17 2.94e-17 1.95e-17 17.34 -553.18
F01157 -10.051  37.411 6.42e-17 4.90e-17 3.32e-17 25.18 -553.13
F01155 -10.015  37.327 5.47e-17 3.71e-17 2.22e-17 20.96 -553.27
F01163 -10.003  37.311 7.47e-17 5.42e-17 3.35e-17 16.19 -553.33
F01159  -9.987  37.253 7.67e-17 4.90e-17 3.26e-17 24.55 -553.39
F01164  -9.961  37.263 6.30e-17 4.17e-17 3.13e-17 13.20 -553.22
F01158  -9.952  37.173 5.26e-17 3.44e-17 2.36e-17 31.17 -553.16
F01167  -9.949  37.360 5.50e-17 3.93e-17 2.25e-17 16.77 -553.44
F01162  -9.927  37.571 6.53e-17 4.49e-17 2.63e-17 12.47 -553.32
F01168  -9.909  36.825 5.65e-17 3.89e-17 2.54e-17 21.35 -553.44
F01153  -9.905  37.423 5.55e-17 3.62e-17 2.10e-17 16.41 -553.30
F01154  -9.830  37.334 5.48e-17 4.09e-17 2.35e-17 11.40 -553.42
F01169  -9.798  36.966 5.63e-17 4.48e-17 2.94e-17 28.71 -553.40
F01160  -9.744  37.439 5.89e-17 3.77e-17 2.44e-17 27.72 -553.31
F01170  -9.731  37.151 7.05e-17 4.92e-17 3.50e-17 15.29 -553.31
F01172  -9.671  37.338 5.96e-17 3.93e-17 2.51e-17 29.04 -553.30
F01156  -9.607  37.804 4.56e-17 3.39e-17 2.15e-17 24.23 -553.33
F00117  -5.120  39.609 1.52e-17 1.04e-17 7.19e-18 11.57 -1090.97
F00114  -4.996  39.698 1.53e-17 1.15e-17 6.39e-18  9.87 -1090.99
F00104  -4.988  39.766 1.62e-17 1.07e-17 6.96e-18  8.94 -1090.92
F00118  -4.977  39.574 1.37e-17 1.12e-17 6.43e-18 13.42 -1091.16
F00109  -4.941  39.714 1.97e-17 1.37e-17 8.75e-18  8.54 -1091.07
F00113  -4.917  39.705 1.81e-17 1.37e-17 8.56e-18 12.69 -1091.13
F00105  -4.915  39.759 1.87e-17 1.26e-17 8.14e-18 10.12 -1091.02
F00120  -4.913  39.700 1.55e-17 1.14e-17 7.18e-18 10.12 -1090.93
F00101  -4.890  39.744 1.46e-17 1.09e-17 6.59e-18 10.36 -1090.91
F00116  -4.888  39.734 2.07e-17 1.42e-17 8.41e-18 13.94 -1090.78
F00100  -4.884  39.826 1.75e-17 1.35e-17 8.02e-18 11.91 -1090.90
F00103  -4.875  39.708 1.63e-17 1.11e-17 7.04e-18 11.99 -1090.95
F00110  -4.827  39.714 1.97e-17 1.63e-17 1.05e-17  8.81 -1090.96
F00115  -4.811  39.760 1.68e-17 1.36e-17 8.60e-18  7.57 -1091.11
F00112  -4.777  39.727 1.98e-17 1.32e-17 9.68e-18  7.80 -1091.05
F00111  -4.281  39.756 1.54e-17 1.05e-17 6.89e-18 12.01 -1090.97
