name x y flux0 flux1 flux2 width rv
F00273  18.337  39.707 1.32e-15 9.84e-16 6.87e-16 106.51 -122.10
F00298  18.988  42.721 1.30e-15 9.51e-16 6.82e-16 84.46 -121.95
F00272  20.185  38.843 1.65e-15 1.03e-15 7.11e-16 128.82 -122.11
F00289  21.157  40.827 1.45e-15 9.53e-16 6.21e-16 57.93 -122.24
F00290  21.161  39.102 1.48e-15 1.04e-15 6.77e-16 118.82 -122.22
F00281  21.251  40.608 1.96e-15 1.26e-15 8.26e-16 79.86 -122.17
F00275  21.460  39.830 1.09e-15 7.54e-16 5.33e-16 93.02 -122.27
F00278  21.625  40.269 1.33e-15 1.08e-15 5.96e-16 66.02 -122.08
F00286  21.928  40.536 1.20e-15 9.62e-16 5.68e-16 132.26 -122.28
F00287  21.956  39.394 1.06e-15 8.95e-16 6.70e-16 101.33 -122.29
F00293  22.043  40.410 1.09e-15 9.01e-16 5.44e-16 126.38 -122.23
F00296  22.054  41.070 1.11e-15 8.34e-16 4.67e-16 71.98 -122.14
F00283  22.063  40.725 1.24e-15 8.24e-16 5.97e-16 93.24 -122.28
F00300  22.096  40.324 1.45e-15 8.96e-16 5.98e-16 82.00 -122.18
F00270  22.104  40.352 1.36e-15 9.86e-16 7.05e-16 105.72 -122.16
F00279  22.124  40.415 1.25e-15 7.81e-16 5.97e-16 90.55 -122.08
F00292  22.139  40.262 1.69e-15 1.39e-15 7.25e-16 94.38 -122.14
F00276  22.254  39.996 1.35e-15 8.94e-16 6.85e-16 122.48 -122.20
F00288  22.321  40.304 1.51e-15 9.42e-16 6.91e-16 72.54 -122.22
F00271  22.325  40.061 1.26e-15 1.04e-15 5.98e-16 95.96 -122.08
F00297  22.359  37.104 1.33e-15 8.96e-16 5.74e-16 80.84 -122.08
F00295  22.383  39.740 1.29e-15 8.54e-16 5.78e-16 110.35 -122.25
F00274  22.606  40.401 9.68e-16 8.12e-16 4.30e-16 125.87 -122.26
F00294  22.757  39.798 1.45e-15 9.56e-16 6.32e-16 91.75 -122.12
F00280  22.818  40.122 9.41e-16 7.20e-16 4.52e-16 91.99 -122.32
F00285  22.869  39.323 1.41e-15 1.07e-15 7.01e-16 122.97 -122.16
F00267  22.961  38.711 1.19e-15 8.91e-16 6.31e-16 87.10 -122.09
F00282  23.039  40.444 1.46e-15 9.64e-16 6.56e-16 111.36 -122.34
F00299  23.678  40.817 9.12e-16 6.44e-16 4.27e-16 61.98 -122.15
F00291  23.767  40.563 1.23e-15 8.42e-16 6.05e-16 102.91 -122.00
F00277  24.533  39.514 1.01e-15 6.48e-16 4.42e-16 52.65 -122.02
F00268  25.081  38.621 1.73e-15 1.13e-15 7.61e-16 117.97 -121.82
F00269  27.207  41.304 1.25e-15 9.54e-16 5.94e-16 80.28 -121.87
