name x y flux1 flux2 flux3 par rv
P06163  15.943  30.470 5.48e-16 4.73e-16 3.41e-16   0.003    1.12
P01185  16.585  33.170 5.84e-15 4.16e-15 2.41e-15   0.004   -0.12
P06802  16.769  31.448 3.21e-13 1.58e-13 7.27e-14   0.005    0.97
P08366  17.375  31.523 2.12e-14 1.48e-13 5.56e-13   0.005    0.47
P09896  17.572  43.028 2.61e-12 1.36e-12 6.63e-13   0.004   -0.41
P01017  17.877  30.012 3.77e-15 2.67e-15 1.52e-15   0.004    0.93
P03159  18.478  32.847 2.31e-15 1.59e-15 9.91e-16   0.004   -0.17
P01460  18.428  43.923 1.68e-13 8.25e-14 4.02e-14   0.003   -0.37
P07877  18.619  40.425 4.84e-15 3.26e-15 1.74e-15   0.004   -0.05
P01049  18.759  32.790 1.86e-17 2.77e-17 2.92e-17   0.005    0.06
P09724  18.816  33.998 1.52e-14 8.97e-15 4.63e-15   0.005    0.12
P09838  18.841  31.506 2.47e-15 1.98e-15 1.18e-15   0.005    0.82
P05032  19.031  30.289 1.43e-13 7.30e-14 3.30e-14   0.003    0.61
P07904  19.185  33.118 4.78e-15 3.25e-15 1.67e-15   0.004   -0.16
P02294  19.594  31.029 2.95e-16 2.76e-16 2.04e-16   0.003    0.83
P08699  19.579  39.404 1.55e-15 1.35e-15 9.26e-16   0.006   -1.71
P02539  19.704  33.075 2.46e-14 1.51e-14 7.84e-15   0.002    0.44
P04629  20.005  33.801 1.97e-16 1.99e-16 1.62e-16   0.004   -0.43
P08968  20.077  44.575 2.31e-12 1.23e-12 5.66e-13   0.004   -0.59
P04845  20.296  44.788 1.86e-13 9.50e-14 4.23e-14   0.002   -0.54
P03746  20.517  31.417 1.74e-16 1.77e-16 1.40e-16   0.005    0.56
P06368  20.603  30.420 3.13e-12 3.36e-12 2.83e-12   0.003   -0.00
P06175  20.607  31.718 5.28e-14 2.86e-14 1.33e-14   0.003    0.61
P03701  20.761  31.583 8.45e-14 4.44e-14 2.07e-14   0.005    0.16
P04712  20.903  43.006 1.30e-17 1.93e-17 2.13e-17   0.002   -0.22
P06074  21.210  33.682 6.01e-12 4.06e-12 2.36e-12   0.005   -0.17
P03865  21.419  32.057 4.23e-12 2.22e-12 1.16e-12   0.004    0.22
P07817  21.329  33.111 4.02e-17 4.89e-17 4.58e-17   0.006    0.35
P02864  21.362  34.184 4.40e-12 2.43e-12 1.19e-12   0.004   -0.35
P04491  21.632  41.826 2.37e-14 1.41e-14 7.06e-15   0.003   -0.20
P03223  21.685  34.650 2.01e-16 1.90e-16 1.66e-16   0.006   -0.66
P00633  21.754  33.601 2.08e-15 1.46e-15 9.91e-16   0.004   -0.25
P04542  21.699  33.520 3.55e-12 4.29e-12 3.55e-12   0.005    0.15
P00771  21.776  32.585 2.26e-15 1.71e-15 1.01e-15   0.004    0.34
P08712  21.802  35.366 6.08e-14 3.57e-14 1.66e-14   0.005   -1.23
P00944  21.860  33.766 2.34e-13 1.11e-13 5.22e-14   0.004   -0.38
P08151  21.992  40.527 4.36e-15 3.04e-15 1.53e-15   0.004   -0.22
P09973  22.043  31.624 2.27e-13 1.19e-13 4.69e-14   0.003   -0.56
P06767  22.099  44.513 4.09e-16 3.49e-16 2.60e-16   0.003   -0.43
P02221  22.231  32.009 3.64e-14 2.15e-14 9.82e-15   0.005   -0.21
P00832  22.173  31.461 7.14e-16 6.16e-16 4.42e-16   0.003   -0.01
P07005  22.312  34.022 2.81e-12 1.63e-12 7.96e-13   0.003   -0.17
P03035  22.391  32.396 6.43e-15 4.47e-15 2.37e-15   0.003    0.09
P00717  22.434  33.748 1.66e-17 2.43e-17 2.76e-17   0.004   -0.09
P04094  22.414  34.787 5.12e-12 2.92e-12 1.38e-12   0.004   -1.32
P09028  22.475  32.480 4.57e-16 4.13e-16 2.76e-16   0.005   -0.26
P09680  22.566  32.663 2.36e-13 1.12e-13 5.28e-14   0.003    0.22
P06827  22.580  34.352 1.28e-17 1.91e-17 2.11e-17   0.004   -0.34
P00986  22.849  33.712 4.09e-15 2.89e-15 1.64e-15   0.004   -0.17
P00165  22.901  34.082 3.87e-12 4.54e-12 3.95e-12   0.005   -0.69
P01666  22.890  34.581 1.64e-17 2.33e-17 2.56e-17   0.004   -0.86
P06880  23.018  34.864 5.81e-14 2.85e-14 1.42e-14   0.005   -1.40
P01041  23.057  40.911 1.41e-16 1.63e-16 1.46e-16   0.006   -2.12
P00621  23.054  38.472 1.23e-14 7.62e-15 4.15e-15   0.003   -0.21
P05956  23.071  33.226 2.72e-15 1.85e-15 1.20e-15   0.003   -0.26
P06563  22.884  33.414 1.36e-17 2.09e-17 2.43e-17   0.002   -0.19
P04738  23.185  33.251 6.72e-16 6.11e-16 3.90e-16   0.004   -0.91
P02015  23.199  37.331 2.65e-16 2.30e-16 1.77e-16   0.002   -0.18
P04894  23.180  34.287 3.97e-15 2.55e-15 1.53e-15   0.005   -0.56
P08736  23.333  36.145 2.86e-15 2.17e-15 1.29e-15   0.004   -1.89
P07525  23.313  36.176 5.63e-16 5.21e-16 3.90e-16   0.004   -1.98
P06444  23.543  35.539 8.27e-15 4.78e-15 3.01e-15   0.005   -1.84
P02330  23.422  34.959 1.30e-16 1.26e-16 1.14e-16   0.005   -1.24
P00844  23.478  39.037 2.95e-17 4.38e-17 4.77e-17   0.005   -2.07
P07628  23.482  34.230 2.94e-13 1.53e-13 6.15e-14   0.004   -0.83
P02753  23.581  32.028 9.20e-17 1.08e-16 9.61e-17   0.006    0.05
P04132  23.679  33.703 9.77e-17 1.15e-16 9.52e-17   0.006   -0.90
P09438  23.643  33.655 1.70e-16 1.76e-16 1.43e-16   0.002   -1.14
P02415  23.827  30.133 4.26e-12 3.09e-12 1.83e-12   0.004   -1.05
P06403  23.819  34.750 1.03e-16 1.14e-16 9.84e-17   0.005   -1.57
P00023  23.893  31.885 7.55e-14 4.06e-14 1.80e-14   0.004   -1.04
P00833  23.836  34.983 7.90e-14 3.96e-14 1.91e-14   0.004   -1.81
P06588  23.995  35.065 2.27e-13 1.06e-13 4.74e-14   0.004   -2.16
P09117  24.028  35.755 2.06e-15 1.55e-15 9.60e-16   0.003   -2.76
P09587  23.966  33.488 6.52e-16 5.52e-16 3.80e-16   0.005   -0.72
P02615  23.926  35.951 1.79e-13 8.78e-14 3.86e-14   0.005   -2.49
P08462  24.166  32.800 5.75e-12 4.76e-12 3.45e-12   0.006   -0.48
P00839  23.984  34.908 2.04e-15 1.52e-15 9.09e-16   0.004   -2.43
P10051  23.962  34.443 3.86e-12 2.17e-12 9.81e-13   0.005   -1.47
P00388  24.087  34.612 2.66e-17 3.29e-17 3.71e-17   0.003   -1.70
P06504  24.052  33.918 2.38e-14 1.33e-14 6.64e-15   0.004   -1.46
P00120  24.122  36.737 1.10e-17 1.79e-17 2.07e-17   0.005   -2.34
P01707  24.144  34.164 6.62e-14 3.41e-14 1.77e-14   0.004   -1.53
P00754  24.324  32.562 1.61e-14 9.84e-15 5.26e-15   0.004   -0.96
P07342  24.282  36.912 2.20e-14 1.15e-14 6.41e-15   0.003   -2.81
P07043  24.194  35.090 2.78e-13 1.30e-13 6.00e-14   0.004   -2.64
P09561  24.286  35.731 4.93e-12 2.99e-12 1.49e-12   0.005   -2.24
P03281  24.340  35.098 1.23e-15 1.01e-15 6.42e-16   0.004   -2.33
P06996  24.422  35.030 7.24e-17 8.77e-17 7.73e-17   0.004   -2.83
P10142  24.471  33.924 3.38e-17 4.07e-17 4.19e-17   0.003   -1.89
P03300  24.445  34.695 2.94e-13 1.43e-13 6.37e-14   0.004   -2.05
P04048  24.548  33.967 1.55e-14 9.13e-15 5.03e-15   0.003   -1.83
P04337  24.371  34.472 3.88e-15 2.72e-15 1.45e-15   0.002   -2.50
P04494  24.385  34.510 2.09e-15 1.58e-15 9.18e-16   0.004   -2.35
P00748  24.457  34.459 2.32e-14 1.46e-14 6.89e-15   0.005   -2.59
P04002  24.657  33.733 1.05e-16 1.15e-16 9.62e-17   0.004   -1.80
P01177  24.647  32.255 1.80e-17 2.59e-17 2.58e-17   0.005   -1.41
P04982  24.702  34.707 1.51e-14 8.52e-15 4.47e-15   0.005   -2.73
P05645  24.567  34.641 4.82e-12 2.66e-12 1.37e-12   0.003   -2.81
P08311  24.702  34.452 1.46e-14 9.12e-15 4.76e-15   0.003   -2.09
P04535  24.667  33.966 2.59e-13 1.28e-13 5.43e-14   0.005   -2.13
P06965  24.701  34.818 2.05e-12 1.05e-12 5.20e-13   0.003   -2.47
P02089  24.929  35.716 9.77e-17 1.04e-16 8.83e-17   0.003   -2.79
P06294  24.934  34.259 5.37e-17 6.22e-17 5.96e-17   0.003   -2.39
P03837  24.913  34.750 2.78e-14 1.60e-14 7.88e-15   0.005   -3.03
P03759  25.100  33.174 3.20e-16 2.98e-16 2.27e-16   0.003   -1.78
P05278  25.039  34.891 5.03e-14 2.55e-14 1.24e-14   0.003   -2.69
P01033  25.093  43.022 7.62e-16 6.34e-16 4.30e-16   0.002   -0.53
P06626  25.068  37.345 1.30e-16 1.44e-16 1.26e-16   0.003   -2.48
P08217  25.232  35.213 1.98e-12 1.07e-12 4.69e-13   0.005   -2.70
P01615  25.263  34.698 1.23e-17 1.82e-17 2.13e-17   0.005   -2.83
P09700  25.118  33.546 1.21e-15 8.94e-16 6.23e-16   0.005   -2.40
P07172  25.404  34.692 7.25e-17 7.55e-17 7.05e-17   0.004   -2.85
P02876  25.332  31.770 1.74e-12 2.56e-12 2.94e-12   0.003   -1.56
P03345  25.615  35.875 1.64e-15 1.20e-15 7.73e-16   0.004   -2.79
P06460  25.479  43.900 1.11e-16 1.17e-16 9.17e-17   0.003   -0.72
P09284  25.583  43.012 1.26e-13 6.59e-14 3.18e-14   0.004   -0.62
P04508  25.549  43.362 5.31e-15 3.48e-15 1.95e-15   0.004   -0.56
P01719  25.476  36.083 2.45e-13 1.26e-13 5.63e-14   0.004   -2.50
P04393  25.736  35.816 2.86e-14 1.68e-14 8.55e-15   0.004   -3.42
P08734  25.779  34.727 1.08e-17 1.77e-17 1.86e-17   0.004   -2.57
P08410  25.780  36.563 2.47e-17 3.22e-17 3.39e-17   0.005   -3.56
P10285  25.958  35.751 2.92e-17 4.11e-17 4.08e-17   0.005   -3.02
P00687  26.098  34.850 3.13e-17 4.19e-17 4.06e-17   0.004   -2.71
P04995  26.235  43.864 3.51e-15 2.55e-15 1.37e-15   0.003   -0.78
P06261  26.289  34.789 6.72e-15 4.42e-15 2.31e-15   0.004   -2.96
P08862  26.584  36.057 7.55e-14 4.01e-14 1.89e-14   0.003   -2.64
P08936  26.685  35.818 3.16e-14 1.79e-14 8.64e-15   0.003   -2.80
P07846  26.785  41.041 9.87e-17 5.24e-17 2.36e-17   0.005   -2.81
P05065  27.162  37.509 3.60e-15 2.59e-15 1.59e-15   0.005   -3.43
P04018  27.083  35.468 7.12e-16 6.38e-16 4.29e-16   0.004   -3.19
P01907  27.325  38.655 6.40e-16 5.85e-16 3.83e-16   0.004   -4.05
P02531  27.478  36.175 1.69e-13 8.32e-14 3.77e-14   0.003   -3.96
P03325  27.752  42.283 3.87e-17 4.97e-17 4.64e-17   0.002   -0.76
P01673  28.167  41.054 5.12e-15 3.28e-15 1.85e-15   0.003   -0.76
P07136  28.476  35.063 3.80e-12 3.70e-12 2.81e-12   0.003   -2.89
P05650  28.449  37.130 7.00e-17 7.98e-17 6.79e-17   0.004   -3.78
P09596  28.689  38.073 2.73e-16 2.73e-16 2.13e-16   0.003   -4.27
P10439  29.186  38.697 2.95e-13 1.37e-13 6.10e-14   0.004   -4.26
P08233  29.212  43.973 8.36e-17 9.28e-17 7.29e-17   0.002   -1.05
P10421  29.307  38.692 1.01e-17 1.71e-17 1.83e-17   0.005   -4.26
P00276  29.276  39.109 1.59e-14 1.11e-13 5.40e-13   0.006   -3.80
P01859  29.446  35.099 2.05e-16 1.82e-16 1.46e-16   0.006   -2.45
P05139  29.683  38.546 2.36e-16 2.29e-16 1.90e-16   0.004   -4.32
P05742  29.612  42.061 4.04e-14 2.27e-14 1.09e-14   0.003   -4.10
P02908  29.857  35.230 2.31e-15 1.55e-15 9.96e-16   0.005   -2.52
P05347  29.720  39.980 7.51e-16 6.44e-16 4.60e-16   0.005   -4.33
