name x y flux1 flux2 flux3 par rv
P06010   0.026  17.605 3.93e-15 2.96e-15 1.52e-15   0.003   -6.10
P07163   0.271  15.518 2.27e-16 2.13e-16 1.66e-16   0.005   -6.66
P06485   0.397  15.339 1.21e-13 5.74e-14 2.66e-14   0.004   -6.51
P10314   0.630  15.744 3.37e-15 2.60e-15 1.76e-15   0.007   -0.19
P01548   0.681  18.973 1.59e-13 8.36e-14 4.02e-14   0.005   -6.07
P07878   0.723  17.416 1.87e-15 1.55e-15 1.09e-15   0.007   -0.40
P05957   0.813  25.587 2.97e-13 1.42e-13 7.19e-14   0.004    0.81
P02991   1.363  15.630 4.93e-17 7.07e-17 7.67e-17   0.009   -1.71
P00301   1.765  16.032 2.34e-16 2.20e-16 1.98e-16   0.004   -6.68
P00259   2.320  29.483 1.14e-15 1.13e-15 6.87e-16   0.008    0.17
P00788   2.761  21.598 3.57e-17 5.65e-17 6.45e-17   0.008   -1.31
P04580   3.585  17.061 3.71e-16 4.10e-16 3.12e-16   0.006   -0.46
P05452   3.798  20.991 3.22e-12 7.35e-12 1.00e-11   0.008   -2.01
P06311   4.097  18.472 9.23e-12 5.51e-12 2.97e-12   0.007   -0.60
P05229   4.275  19.783 1.65e-13 9.21e-14 4.02e-14   0.004   -6.70
P08216   4.551  21.969 1.33e-17 1.67e-17 1.59e-17   0.000   -1.45
P08791   4.690  15.140 4.24e-16 4.15e-16 3.15e-16   0.003   -1.34
P07711   4.904  23.999 3.27e-14 1.90e-14 9.35e-15   0.005   -5.89
P04359   4.971  20.429 8.19e-16 6.17e-16 3.75e-16   0.003   -1.43
P05678   5.210  15.597 1.37e-13 7.69e-14 3.70e-14   0.005   -0.74
P01114   5.220  16.446 1.33e-13 6.10e-13 1.75e-12   0.007   -0.60
P06063   5.503  15.819 6.21e-15 4.85e-15 2.44e-15   0.005   -0.77
P07588   6.023  17.114 2.44e-15 2.09e-15 1.38e-15   0.006   -1.00
P04802   6.517  15.948 1.06e-17 5.19e-18 2.48e-18   0.005   -1.22
P02245   6.524  18.899 1.46e-14 9.29e-15 5.36e-15   0.006   -0.97
P05960   6.657  18.460 3.43e-15 2.68e-15 1.72e-15   0.004   -1.05
P00429   6.695  15.262 4.75e-14 2.96e-14 1.43e-14   0.006   -1.41
P10451   6.730  17.188 1.08e-13 6.33e-14 2.96e-14   0.005   -1.08
P06739   7.022  17.923 8.06e-15 4.58e-15 2.52e-15   0.003   -6.60
P10401   7.081  15.667 2.34e-16 2.58e-16 2.11e-16   0.003   -1.26
P09214   7.306  15.772 1.12e-11 8.65e-12 5.60e-12   0.005   -1.26
P03313   7.233  16.352 1.79e-15 1.48e-15 9.42e-16   0.005   -1.23
P01119   7.672  17.185 4.72e-15 3.43e-15 2.18e-15   0.006   -1.73
P09357   7.763  17.114 2.01e-13 1.10e-13 5.01e-14   0.006   -1.83
P01054   7.778  16.634 1.92e-16 2.02e-16 1.87e-16   0.005   -1.45
P10041   8.032  17.027 4.57e-13 2.42e-13 1.02e-13   0.006   -1.80
P07927   8.135  15.926 3.15e-17 4.74e-17 5.48e-17   0.005   -1.79
P05807   8.047  16.408 4.55e-16 4.74e-16 3.93e-16   0.006   -1.73
P02082   8.155  16.942 1.18e-13 6.78e-14 3.01e-14   0.005   -1.75
P06535   8.203  16.890 1.32e-14 8.65e-15 4.88e-15   0.007   -1.75
P05435   8.282  17.037 2.45e-17 4.06e-17 4.09e-17   0.005   -1.82
P06675   8.407  16.771 6.93e-17 9.05e-17 8.36e-17   0.005   -1.81
P08187   8.612  16.682 1.79e-17 2.47e-17 3.06e-17   0.003   -2.16
P00635   8.802  16.709 6.32e-15 4.59e-15 2.93e-15   0.007   -2.47
P09409   8.908  20.204 2.94e-15 2.25e-15 1.48e-15   0.008   -2.18
P01071   8.749  15.444 2.42e-14 1.40e-14 7.86e-15   0.005   -2.52
P07077   8.968  17.366 1.10e-11 8.61e-12 4.92e-12   0.005   -2.58
P03786   9.024  17.613 5.98e-12 6.87e-12 6.08e-12   0.006   -2.32
P06355   8.965  16.770 3.70e-13 1.67e-13 7.63e-14   0.006   -2.74
P06009   9.048  15.571 1.10e-16 1.35e-16 1.28e-16   0.006   -2.54
P01145   9.272  15.583 2.56e-14 1.50e-14 8.17e-15   0.005   -2.47
P02627   9.073  15.538 1.78e-12 3.86e-12 5.26e-12   0.007   -2.98
P06761   9.201  16.319 8.61e-12 8.18e-12 6.63e-12   0.006   -2.63
P01794   9.224  18.156 2.06e-13 1.13e-13 5.12e-14   0.004   -2.59
P02572   9.191  16.318 1.90e-15 1.59e-15 1.01e-15   0.006   -2.97
P08438   9.498  16.393 6.86e-15 5.07e-15 2.80e-15   0.007   -2.99
P00910   9.606  16.646 1.75e-13 8.96e-14 4.64e-14   0.005   -3.07
P00443   9.576  15.882 5.14e-16 4.59e-16 4.03e-16   0.006   -3.13
P00670   9.634  17.502 1.51e-14 8.98e-15 5.72e-15   0.008   -2.60
P09175   9.768  16.153 4.53e-12 2.43e-12 1.03e-12   0.005   -3.22
P06111  11.346  15.596 1.63e-12 3.09e-12 4.37e-12   0.006   -2.92
P01291  11.503  18.538 2.49e-15 1.85e-15 1.35e-15   0.007   -3.13
P03533  11.598  16.012 7.34e-14 4.55e-14 1.96e-14   0.005   -3.65
P04362  11.593  17.902 1.59e-17 2.83e-17 3.30e-17   0.005   -3.62
P01126  12.066  15.173 2.08e-15 1.61e-15 9.80e-16   0.005   -3.27
P06099  12.700  27.009 1.39e-13 7.23e-14 3.39e-14   0.006    1.39
P02185  12.665  17.006 2.38e-15 1.83e-15 1.22e-15   0.005   -3.57
P01750  12.730  17.976 3.75e-15 2.97e-15 2.12e-15   0.006   -3.55
P05656  13.064  16.956 2.95e-13 1.55e-13 7.13e-14   0.005   -3.90
P08866  13.061  17.693 5.66e-16 5.63e-16 4.41e-16   0.006   -3.67
P08628  13.775  18.517 5.37e-15 3.97e-15 2.27e-15   0.007   -3.46
P03961  13.975  26.861 1.71e-13 8.42e-14 3.55e-14   0.004    1.15
P03464  14.204  17.707 1.61e-15 1.28e-15 9.15e-16   0.005   -4.04
