name x y flux1 flux2 flux3 par rv
P08452 -33.328  -0.002 2.11e-16 1.59e-16 1.14e-16   0.001    3.02
P06921 -32.745  -1.112 1.13e-15 7.86e-16 4.41e-16   0.003    2.32
P10222 -32.103  -2.377 3.82e-16 2.77e-16 1.63e-16   0.001    1.42
P02064 -32.000  -2.101 1.70e-15 8.77e-16 5.01e-16   0.002    1.60
P00701 -31.849  -1.030 6.30e-17 5.90e-17 4.32e-17   0.001    2.31
P09914 -31.817  -0.835 4.31e-13 2.28e-13 1.03e-13   0.003    2.49
P06505 -31.689  -3.358 3.42e-17 3.38e-17 2.52e-17   0.003    0.66
P05467 -31.535  -0.727 8.82e-15 4.40e-15 2.15e-15   0.003    2.50
P02494 -31.295  -3.889 3.02e-14 1.42e-14 6.18e-15   0.001    0.16
P00680 -31.106  -2.512 2.68e-14 1.23e-14 5.13e-15   0.001    1.31
P06359 -31.129  -0.883 1.03e-17 1.38e-17 1.04e-17   0.001    2.13
P02296 -31.055  -1.224 1.09e-15 6.94e-16 3.82e-16   0.001    2.22
P04097 -31.006  -1.024 2.95e-15 1.82e-15 8.34e-16   0.002    2.14
P08299 -31.096  -3.021 1.42e-15 9.05e-16 4.64e-16   0.001    0.63
P10170 -30.955  -1.452 1.91e-16 1.49e-16 9.95e-17   0.001    2.18
P07750 -30.850  -3.434 3.31e-16 2.71e-16 1.51e-16   0.001    0.15
P00333 -30.928  -2.377 9.96e-15 5.16e-15 2.36e-15   0.002    1.64
P02238 -30.657  -3.214 4.18e-16 2.99e-16 1.79e-16   0.003    0.57
P01808 -30.777  -0.496 6.06e-17 4.90e-17 4.04e-17   0.002    1.70
P04723 -30.689  -3.778 3.16e-17 3.11e-17 2.50e-17  -0.000   -0.18
P09889 -30.622  -2.035 1.35e-17 1.57e-17 1.27e-17   0.001    1.67
P07894 -30.559  -4.337 4.13e-13 2.30e-13 1.08e-13   0.003   -0.48
P06999 -30.554  -1.337 3.47e-13 1.75e-13 8.44e-14   0.002    1.48
P01367 -30.435  -3.019 9.44e-15 4.99e-15 2.60e-15   0.001    0.46
P05982 -30.484  -1.940 2.95e-14 1.50e-14 6.66e-15   0.002    1.70
P03363 -30.496  -2.928 7.68e-17 5.22e-17 4.07e-17   0.001    0.12
P05840 -30.350  -1.889 2.91e-16 1.85e-16 1.22e-16   0.001    1.52
P05515 -30.462  -2.378 3.32e-16 2.33e-16 1.45e-16   0.002    1.26
P05335 -30.370  -2.821 1.19e-15 7.85e-16 4.34e-16   0.001    0.39
P09163 -30.465  -2.607 2.84e-14 1.58e-14 6.91e-15  -0.000    0.80
P09356 -30.350  -3.102 3.82e-15 2.39e-15 1.20e-15   0.001   -0.65
P09144 -30.165  -1.749 6.88e-15 3.57e-15 1.74e-15   0.001    1.03
P10134 -30.216  -2.581 1.28e-16 1.07e-16 7.32e-17  -0.000    0.27
P04147 -30.107  -2.831 2.32e-16 1.66e-16 1.25e-16   0.000   -0.04
P01689 -30.257  -2.848 2.00e-14 1.02e-14 4.87e-15   0.002   -0.01
P09869 -30.293  -3.672 1.36e-14 7.65e-15 3.80e-15   0.003   -1.25
P00463 -30.243  -4.989 2.33e-15 1.32e-15 6.79e-16   0.003   -0.87
P03432 -30.249  -2.740 2.27e-17 2.57e-17 1.78e-17   0.001   -0.24
P09023 -30.139  -2.659 5.45e-13 3.44e-13 1.88e-13   0.002   -0.09
P00189 -30.208  -2.754 6.54e-13 3.79e-13 1.95e-13   0.001   -0.49
P05450 -30.197  -1.101 2.52e-16 1.82e-16 1.21e-16   0.001    1.04
P10107 -30.152  -2.572 3.01e-14 8.76e-14 1.90e-13   0.003    0.07
P09074 -30.211  -3.252 4.49e-15 2.36e-15 1.31e-15   0.003   -1.00
P01869 -30.071  -2.651 2.34e-14 1.07e-14 5.38e-15   0.001   -0.17
P07652 -30.124  -2.781 8.36e-15 5.19e-15 2.29e-15   0.002   -0.35
P09615 -30.021  -2.604 3.15e-16 2.22e-16 1.48e-16   0.001   -0.19
P04423 -30.089  -3.276 4.41e-13 2.86e-13 1.48e-13   0.003   -0.93
P04044 -30.032  -2.589 4.97e-13 2.97e-13 1.22e-13   0.002   -0.20
P10056 -30.075  -3.351 1.18e-13 2.32e-13 3.45e-13   0.002   -0.91
