name x y flux1 flux2 flux3 par rv
P01955  23.976  -5.661 1.53e-17 1.30e-17 1.03e-17   0.003    5.92
P00108  24.144  -5.598 1.08e-14 4.80e-15 2.29e-15   0.001    5.99
P04173  24.318  -5.425 2.85e-13 1.49e-13 7.29e-14   0.003    3.82
P01858  24.587  -5.919 1.49e-15 8.24e-16 4.04e-16   0.000    6.00
P05788  24.630  -5.640 2.97e-15 1.57e-15 7.03e-16   0.002    6.00
P09907  24.704  -5.992 1.30e-13 5.67e-14 2.45e-14  -0.001    4.66
P10320  24.849  -5.926 1.18e-15 6.39e-16 3.26e-16   0.001    5.19
P07718  24.771  -5.707 1.61e-15 9.02e-16 4.88e-16   0.001    4.37
P06337  24.890  -6.050 8.93e-17 6.27e-17 3.79e-17   0.000    5.67
P09034  24.976  -5.845 1.22e-15 6.16e-16 3.49e-16  -0.001    4.86
P01739  25.127  -5.963 1.25e-16 1.13e-16 5.99e-17   0.002    5.13
P07461  25.169  -6.156 9.66e-16 5.32e-16 3.03e-16   0.001    4.02
P01558  25.129  -5.741 1.55e-13 8.64e-14 3.77e-14   0.002    4.92
P01459  25.150  -5.903 1.12e-15 6.88e-16 3.58e-16   0.002    4.17
P03806  25.196  -5.975 1.87e-16 1.18e-16 7.37e-17   0.002    4.37
P04014  25.389  -6.250 1.31e-17 1.47e-17 1.16e-17   0.002    4.03
P05708  25.343  -5.800 2.46e-16 1.66e-16 9.60e-17  -0.000    3.76
P04823  25.285  -6.049 9.34e-16 5.97e-16 2.94e-16   0.001    3.63
P05255  25.296  -6.092 1.03e-13 5.39e-14 2.52e-14   0.002    3.39
P09981  25.379  -6.098 1.19e-15 6.50e-16 3.11e-16   0.003    3.64
P00909  25.383  -5.858 1.05e-15 6.64e-16 3.22e-16   0.003    2.70
P02038  25.341  -5.499 2.41e-17 2.31e-17 1.64e-17   0.001    4.79
P07154  25.207  -5.724 1.21e-15 7.49e-16 3.20e-16   0.002    3.12
P00688  25.311  -5.972 1.41e-14 5.93e-15 3.03e-15  -0.002    3.48
P03733  25.378  -6.096 4.37e-15 2.28e-15 1.04e-15   0.002    2.97
P09496  25.354  -6.003 7.17e-15 3.26e-15 1.51e-15   0.001    3.32
P07553  25.293  -5.688 1.01e-14 5.44e-15 2.53e-15   0.001    4.04
P08626  25.482  -6.342 5.62e-16 3.46e-16 1.87e-16   0.002    3.41
P00681  25.279  -6.116 2.10e-15 1.23e-15 5.35e-16   0.002    4.01
P09373  25.479  -6.042 1.80e-13 1.17e-13 5.23e-14   0.000    3.09
P00716  25.424  -6.085 1.61e-14 8.86e-15 3.56e-15   0.001    4.12
P07587  25.474  -6.112 3.87e-16 2.24e-16 1.33e-16   0.001    2.97
P02850  25.498  -5.938 8.05e-15 4.21e-15 1.92e-15  -0.000    3.95
P08696  25.493  -6.082 1.46e-17 1.36e-17 1.23e-17   0.001    2.96
P01962  25.458  -6.001 1.10e-17 1.16e-17 8.93e-18  -0.001    3.10
P06522  25.398  -6.050 4.08e-15 2.30e-15 1.08e-15   0.002    2.82
P02872  25.485  -6.115 5.12e-16 3.47e-16 1.61e-16   0.002    3.56
P07763  25.524  -6.313 9.11e-16 5.43e-16 3.36e-16   0.002    2.94
P02972  25.450  -6.241 2.02e-16 1.36e-16 7.73e-17  -0.002    3.08
P02335  25.512  -6.179 1.77e-17 1.99e-17 1.36e-17   0.002    3.16
P02103  25.526  -6.343 1.10e-13 5.25e-14 2.21e-14   0.000    1.79
P09334  25.692  -5.964 3.30e-17 2.88e-17 2.22e-17   0.001    2.59
P05549  25.531  -6.108 2.00e-17 1.67e-17 1.23e-17   0.001    2.96
P10004  25.608  -6.117 9.14e-16 5.17e-16 2.65e-16   0.001    2.52
P01949  25.523  -6.152 7.58e-15 3.51e-15 1.60e-15   0.002    2.04
P01488  25.669  -6.072 1.48e-16 9.70e-17 6.38e-17   0.001    2.62
P00377  25.507  -5.953 1.22e-13 5.79e-14 3.25e-14   0.003    3.01
P10237  25.643  -5.939 1.27e-17 1.08e-17 8.40e-18   0.001    1.88
P00739  25.463  -6.055 1.43e-15 9.10e-16 4.34e-16   0.002    2.24
P06135  25.509  -6.302 1.71e-16 1.12e-16 6.48e-17   0.001    1.97
P10258  25.645  -6.079 1.13e-16 7.49e-17 5.31e-17   0.001    1.46
P03040  25.563  -6.046 1.21e-15 6.54e-16 3.71e-16  -0.000    2.19
P04165  25.718  -6.132 1.23e-14 6.17e-15 2.43e-15   0.002    1.92
P01927  25.586  -6.178 2.15e-15 1.31e-15 6.98e-16   0.001    1.47
P10381  25.627  -6.033 2.94e-15 1.52e-15 8.05e-16  -0.002    2.04
P01226  25.644  -5.889 2.29e-16 1.60e-16 7.86e-17   0.002    2.56
P10242  25.580  -6.063 1.61e-13 8.06e-14 3.98e-14   0.001    2.08
P09201  25.525  -6.140 3.97e-17 3.42e-17 2.02e-17  -0.002    1.01
P04947  25.618  -6.111 2.64e-17 2.36e-17 1.64e-17   0.000    1.08
P00951  25.711  -6.145 6.22e-17 4.62e-17 3.20e-17   0.001    1.31
P10409  25.829  -6.010 2.88e-15 1.62e-15 7.44e-16   0.001    1.09
P07962  25.669  -6.128 2.67e-16 1.97e-16 1.08e-16   0.002    0.87
P01002  25.734  -6.028 2.78e-13 1.79e-13 9.07e-14  -0.000    1.21
P05438  25.783  -6.067 6.46e-17 4.95e-17 3.25e-17   0.002    1.05
P04419  25.846  -6.117 1.07e-17 9.80e-18 8.05e-18   0.002    0.19
P03108  25.935  -6.017 4.79e-15 3.11e-15 1.21e-15   0.002    0.82
P07666  25.799  -6.130 8.29e-16 5.23e-16 2.45e-16   0.000    0.21
P03274  25.772  -6.299 4.27e-15 1.87e-15 9.17e-16   0.001    0.08
P09021  25.898  -6.349 1.79e-16 1.23e-16 7.57e-17   0.001   -0.46
P00548  25.945  -5.880 8.94e-17 7.40e-17 4.34e-17   0.000    0.71
P03900  25.865  -6.252 2.75e-16 1.67e-16 1.07e-16   0.000   -0.54
P04761  25.942  -6.315 2.74e-15 1.44e-15 6.89e-16  -0.000    0.58
P01640  25.964  -6.039 2.37e-15 1.41e-15 7.56e-16  -0.000   -0.14
P08129  25.977  -6.166 6.78e-16 4.78e-16 2.42e-16   0.001   -0.72
P06339  26.071  -6.129 7.94e-17 5.53e-17 4.06e-17   0.001   -0.06
P09246  26.028  -6.344 4.25e-15 1.76e-14 5.63e-14   0.001   -0.94
P02452  25.998  -6.495 8.80e-16 5.04e-16 3.29e-16   0.002   -0.11
P10251  26.116  -6.363 2.99e-17 2.95e-17 1.87e-17   0.000    0.14
P06244  26.077  -6.278 1.95e-15 1.04e-15 5.70e-16   0.002    0.20
P09033  26.122  -6.189 2.80e-17 2.51e-17 1.63e-17   0.003   -0.61
P08631  26.124  -6.147 1.35e-14 5.74e-15 2.91e-15   0.002   -0.24
P08698  26.243  -6.221 1.43e-14 7.22e-15 2.81e-15   0.002   -0.92
P04787  26.199  -6.097 3.85e-15 2.29e-15 1.03e-15  -0.000    0.48
P05507  26.312  -6.239 2.18e-13 2.37e-13 1.94e-13   0.000   -1.02
P02310  26.116  -6.260 6.76e-16 4.26e-16 1.82e-16   0.002   -1.03
P05869  26.210  -6.171 2.66e-13 2.11e-13 1.48e-13   0.002    0.21
P05017  26.141  -6.299 1.85e-16 1.24e-16 6.97e-17   0.002   -0.07
P00309  26.389  -6.339 2.60e-17 2.30e-17 1.51e-17   0.001   -1.26
P07611  26.203  -6.359 1.90e-17 1.72e-17 1.49e-17   0.001   -1.13
P06456  26.226  -6.165 5.49e-17 4.47e-17 3.38e-17   0.001    0.73
P05477  26.326  -6.450 3.39e-13 2.08e-13 1.12e-13   0.001   -0.45
P01537  26.404  -6.304 1.30e-17 1.35e-17 9.47e-18   0.001   -0.45
P02659  26.435  -6.406 6.44e-16 4.42e-16 1.95e-16   0.000   -0.80
P06978  26.441  -6.599 1.30e-16 1.12e-16 7.07e-17   0.000   -0.85
P04381  27.250  -6.512 6.64e-16 4.79e-16 2.56e-16   0.001   -1.86
P07721  27.645  -6.649 8.18e-16 4.85e-16 2.77e-16   0.001   -2.14
P05630  27.885  -7.051 1.23e-13 6.26e-14 2.79e-14   0.001   -2.27
P08715  27.969  -6.619 8.37e-15 4.30e-15 2.05e-15   0.001   -2.20
