name x y flux1 flux2 flux3 par rv
P09616   1.849 -30.743 4.11e-16 3.81e-16 3.63e-16   0.007    1.13
P05824   2.432 -33.319 2.27e-15 1.69e-15 8.72e-16   0.004   -1.28
P04411   2.549 -31.221 2.41e-17 2.87e-17 3.48e-17   0.006   -1.16
P05317   4.529 -31.602 6.10e-16 4.86e-16 4.64e-16   0.006    1.09
P06708   4.467 -30.450 5.13e-13 2.61e-13 1.15e-13   0.005    0.80
P01989   4.571 -30.361 1.76e-15 1.38e-15 1.09e-15   0.007    1.02
P09022   4.795 -30.688 1.16e-17 2.05e-17 2.38e-17   0.005    1.18
P00713   4.886 -32.105 7.72e-17 1.12e-16 9.70e-17   0.006    1.06
P08149   5.266 -32.390 4.26e-13 2.26e-13 9.55e-14   0.001   -1.55
P06658   5.477 -41.737 7.26e-17 1.01e-16 1.35e-16   0.008    0.07
P02970   5.607 -34.035 7.48e-16 6.66e-16 4.70e-16   0.005   -1.70
P08136   5.601 -30.293 1.47e-17 2.16e-17 2.62e-17   0.005    0.84
P08690   6.100 -38.658 2.16e-16 2.43e-16 2.21e-16   0.007   -0.02
P08041   6.435 -33.044 6.15e-14 3.78e-14 1.89e-14   0.007    0.91
P00157   6.472 -32.998 1.99e-13 1.15e-13 4.06e-14   0.006    0.98
P09771   6.680 -39.084 6.25e-15 4.44e-15 2.77e-15   0.007    0.12
P08905   6.819 -30.738 2.52e-17 1.49e-17 5.00e-18   0.005    1.02
P01718   6.944 -34.735 1.02e-15 1.20e-15 9.27e-16   0.007    0.13
P06582   6.877 -32.961 3.88e-14 1.99e-14 8.64e-15   0.001   -2.14
P02144   7.347 -38.050 8.66e-12 4.12e-12 1.54e-12   0.008    0.11
P02983   7.467 -31.172 1.88e-17 2.52e-17 1.83e-17   0.000   -2.29
P07118   8.343 -30.162 4.82e-14 2.12e-14 1.28e-14   0.004   -2.45
P03796   8.614 -30.234 2.68e-15 1.59e-15 8.84e-16   0.001   -2.72
P08325   8.568 -34.203 6.17e-15 5.80e-15 2.50e-15   0.006    0.44
P05301   8.891 -32.234 4.07e-15 2.78e-15 1.10e-15   0.001   -2.90
P09446   9.144 -32.151 8.40e-16 6.89e-16 4.42e-16   0.004   -2.28
P04951   9.249 -32.182 2.61e-16 3.10e-16 2.67e-16   0.006    0.61
P02583   9.470 -37.503 3.33e-17 5.52e-17 7.35e-17   0.007   -0.06
P02809   9.790 -34.893 1.24e-15 1.36e-15 8.62e-16   0.007    0.48
P05269   9.712 -31.499 3.33e-16 2.58e-16 1.41e-16   0.003   -3.56
P03236   9.794 -30.148 9.16e-13 6.18e-13 3.21e-13  -0.001   -3.90
P08249   9.842 -33.720 1.34e-17 1.76e-17 1.52e-17   0.001   -3.14
P05218  10.123 -31.186 2.84e-14 1.55e-14 6.60e-15   0.001   -3.85
P02666  10.340 -31.451 1.02e-13 5.73e-14 2.90e-14   0.007    0.75
P02594  10.273 -30.608 4.21e-14 2.04e-14 9.57e-15   0.002   -4.05
P08413  10.265 -33.279 1.02e-11 5.86e-12 3.21e-12   0.006    0.62
P03848  11.216 -33.390 8.04e-15 3.59e-15 1.83e-15   0.002   -3.65
P06440  11.390 -34.465 3.08e-17 3.33e-17 3.72e-17   0.005    0.63
P03111  11.384 -32.886 1.45e-16 1.69e-16 1.42e-16   0.007    0.48
P04595  11.487 -39.010 9.55e-14 4.66e-14 2.31e-14   0.002   -2.02
P01039  11.993 -32.768 1.03e-17 1.18e-17 1.46e-17   0.003   -2.51
P01414  12.355 -32.369 4.67e-17 3.02e-17 2.99e-17   0.002   -4.15
P09019  12.545 -33.698 5.46e-15 3.97e-15 2.31e-15   0.009   -0.18
P04608  12.801 -31.590 1.83e-14 9.39e-15 4.67e-15   0.004   -2.68
P00234  13.461 -40.893 1.36e-16 7.15e-17 4.72e-17   0.001   -2.94
P02277  13.704 -43.958 1.47e-16 9.53e-17 4.70e-17  -0.001   -0.16
P07182  13.639 -32.673 1.28e-13 6.39e-14 3.69e-14   0.009   -0.49
P09969  13.699 -31.074 2.92e-15 2.11e-15 1.33e-15   0.004   -0.18
P04030  13.714 -30.529 5.70e-13 2.73e-13 1.17e-13   0.005   -0.24
P09877  13.748 -43.909 1.77e-15 1.06e-15 4.45e-16  -0.000   -0.65
P02447  13.804 -44.377 8.54e-14 6.48e-14 5.12e-14  -0.001    0.52
P03342  13.680 -44.710 3.94e-17 2.99e-17 1.95e-17   0.001    1.47
P08064  13.669 -43.876 7.95e-14 5.62e-14 3.22e-14   0.001   -1.12
P01685  13.803 -42.765 9.65e-17 6.89e-17 3.43e-17  -0.000   -2.69
P03004  13.707 -43.970 3.67e-17 2.35e-17 1.47e-17  -0.002    0.06
P02172  13.817 -43.749 3.44e-14 1.55e-14 9.15e-15   0.002   -0.99
P01853  13.946 -34.923 6.58e-13 2.75e-13 1.36e-13   0.007   -0.52
P00773  13.846 -42.686 5.02e-16 2.97e-16 1.33e-16   0.002   -2.95
P08861  13.999 -43.341 2.17e-16 1.16e-16 5.80e-17  -0.000   -2.06
P04078  13.967 -43.482 1.87e-16 1.27e-16 5.12e-17   0.001   -2.44
P03335  13.934 -43.088 2.36e-17 2.12e-17 1.29e-17   0.001   -2.87
P01019  13.940 -44.722 5.45e-16 2.53e-16 1.33e-16   0.004    1.44
P09542  14.049 -43.737 1.69e-15 9.93e-16 4.58e-16   0.001   -1.09
P04530  13.961 -43.188 2.80e-17 2.08e-17 1.46e-17   0.001   -2.35
P08155  14.026 -44.846 7.81e-16 3.56e-16 1.98e-16   0.001    1.64
P03298  13.928 -43.705 2.95e-14 1.33e-14 6.42e-15   0.001   -1.90
P09067  13.976 -31.733 1.54e-15 1.32e-15 1.03e-15   0.005    0.08
P09843  14.003 -43.200 6.50e-17 4.08e-17 2.97e-17   0.000   -2.83
P08586  13.907 -44.305 1.17e-15 5.63e-15 1.56e-14   0.001    0.92
P05963  13.928 -31.541 2.86e-17 4.79e-17 5.41e-17   0.007    0.13
P01087  14.177 -44.155 1.64e-16 9.62e-17 4.66e-17   0.001    0.36
P04781  14.000 -43.724 8.38e-14 8.04e-14 4.28e-14   0.000   -2.60
P05710  14.027 -30.062 2.09e-14 1.19e-14 5.65e-15   0.005   -0.17
P09660  13.907 -43.817 4.92e-17 2.85e-17 2.00e-17  -0.001   -0.43
P00033  14.121 -44.321 3.89e-14 2.30e-14 1.35e-14   0.000    0.64
P10057  14.003 -44.162 1.66e-14 2.97e-14 3.80e-14   0.002    0.68
P04310  14.056 -43.977 2.08e-17 1.31e-17 9.14e-18  -0.001   -0.04
P01644  14.103 -44.290 4.27e-14 2.10e-14 1.05e-14   0.001    0.69
P05964  14.095 -43.910 9.52e-16 4.98e-16 2.13e-16   0.001   -0.29
P06594  14.048 -43.873 3.65e-17 2.83e-17 1.76e-17  -0.000    0.16
P09659  14.161 -34.368 2.49e-13 1.35e-13 6.09e-14   0.007   -0.21
P04077  14.087 -43.746 1.70e-15 8.94e-16 3.49e-16   0.001   -1.46
P01660  14.119 -44.346 5.24e-16 3.02e-16 1.47e-16   0.001    0.83
P08042  14.118 -43.923 4.04e-16 2.84e-16 1.18e-16   0.001   -0.66
P01857  14.175 -43.844 1.68e-17 1.53e-17 1.00e-17   0.002   -0.49
P05761  14.199 -43.896 2.90e-15 1.70e-15 6.94e-16   0.000   -1.24
P03873  14.089 -43.795 3.23e-15 1.45e-15 7.75e-16  -0.000   -0.90
P00046  14.205 -43.828 5.93e-16 3.09e-16 1.73e-16   0.002   -0.36
P07754  13.967 -44.294 1.28e-16 8.89e-17 4.49e-17   0.000    0.71
P07872  14.286 -44.328 1.44e-16 8.06e-17 6.12e-17   0.001    0.94
P02843  14.317 -33.627 2.31e-14 1.20e-14 8.06e-15   0.006   -0.43
P00860  14.232 -43.730 1.97e-16 1.31e-16 6.14e-17   0.000   -1.66
P01919  14.136 -44.362 1.71e-15 9.47e-16 4.04e-16  -0.001    0.96
P02511  14.322 -43.692 1.15e-16 8.31e-17 5.22e-17  -0.001   -2.19
P05589  14.159 -43.973 4.76e-16 3.06e-16 1.53e-16   0.001    0.14
P00517  14.065 -43.565 1.09e-15 5.50e-16 2.46e-16   0.002   -2.33
P00211  14.299 -43.783 6.88e-17 4.26e-17 2.48e-17   0.003   -1.76
P04531  14.165 -43.276 7.62e-14 5.27e-14 2.21e-14   0.001   -3.20
P02104  14.169 -43.856 2.64e-16 1.55e-16 8.39e-17   0.001   -1.98
P06185  14.293 -44.748 3.33e-15 1.09e-14 2.63e-14   0.002    1.07
P00825  14.223 -39.080 5.44e-17 3.24e-17 2.09e-17   0.000   -3.92
P06363  14.267 -44.533 2.45e-15 1.43e-15 5.77e-16  -0.001    1.05
P09408  14.242 -43.935 1.56e-16 9.86e-17 5.74e-17   0.002   -0.51
P09113  14.324 -43.601 6.65e-14 4.15e-14 1.99e-14   0.002   -2.18
P08376  14.303 -43.954 3.46e-16 1.95e-16 1.02e-16   0.001   -1.53
P02710  14.217 -39.163 1.40e-15 1.26e-15 1.13e-15   0.009   -0.73
P01956  14.379 -43.857 1.19e-16 7.10e-17 4.47e-17   0.000   -1.46
P06384  14.205 -43.833 3.20e-15 1.92e-15 9.27e-16  -0.001   -1.88
P03705  14.227 -43.988 3.16e-16 2.04e-16 9.78e-17   0.002   -0.62
P06879  14.402 -42.884 9.49e-14 5.63e-14 3.56e-14   0.001   -3.67
P01004  14.381 -44.349 1.10e-16 7.78e-17 3.81e-17  -0.000    0.19
P00221  14.294 -43.921 1.94e-17 1.53e-17 1.03e-17   0.001   -0.42
P04622  14.190 -44.452 2.51e-16 1.33e-16 6.64e-17  -0.001    0.51
P08290  14.513 -43.817 1.25e-17 1.26e-17 6.86e-18   0.001   -1.52
P09224  14.393 -44.449 4.42e-17 3.04e-17 1.90e-17  -0.001    1.16
P02159  14.514 -43.403 5.02e-14 2.51e-14 1.44e-14   0.001   -2.12
P05530  14.423 -43.888 9.13e-16 4.56e-16 2.05e-16  -0.001   -1.68
P08269  14.486 -43.938 1.93e-15 9.98e-16 4.09e-16  -0.000   -1.01
P00916  14.594 -44.265 4.29e-14 1.98e-14 1.17e-14   0.000   -0.25
P08702  14.598 -30.742 1.51e-16 1.97e-16 1.67e-16   0.007   -0.18
P04808  14.640 -30.696 6.37e-17 8.16e-17 8.46e-17   0.005   -0.12
P08634  14.630 -42.823 1.08e-17 9.94e-18 6.52e-18   0.000   -3.59
P00959  14.713 -32.257 7.71e-14 4.70e-14 2.06e-14   0.007   -0.33
P09276  14.697 -44.344 2.75e-17 2.93e-17 1.44e-17  -0.000    0.79
P01566  14.672 -42.952 1.67e-15 9.03e-16 4.04e-16   0.002   -2.68
P04072  14.687 -43.221 3.32e-16 1.75e-16 8.12e-17   0.001   -2.77
P00897  14.638 -44.986 2.76e-16 1.94e-16 8.81e-17   0.001    0.22
P09988  14.708 -40.427 7.37e-16 4.84e-16 2.06e-16   0.000   -4.26
P08722  14.860 -31.382 3.20e-15 1.70e-15 1.03e-15   0.001   -4.19
P05790  14.998 -31.379 9.88e-12 7.32e-12 3.06e-12   0.004   -0.13
