name x y flux0 flux1 flux2 width rv
F03999  26.698 -27.271 1.85e-16 9.04e-17 6.23e-17 43.46 -352.32
F04009  27.138 -27.944 1.46e-16 1.23e-16 6.47e-17 43.70 -352.27
F03968  27.150 -27.865 1.57e-16 1.05e-16 7.75e-17 24.33 -352.31
F03993  27.157 -27.758 1.09e-16 6.59e-17 5.79e-17 33.56 -352.19
F03977  27.210 -27.821 1.24e-16 7.83e-17 5.35e-17 39.83 -352.30
F03960  27.250 -28.396 1.92e-16 1.07e-16 6.61e-17 32.82 -352.31
F03955  27.325 -27.856 1.65e-16 1.24e-16 6.00e-17 40.05 -352.33
F04002  27.349 -28.240 1.08e-16 8.35e-17 7.02e-17 31.08 -352.41
F03974  27.351 -27.794 1.65e-16 1.29e-16 6.82e-17 39.19 -352.30
F03994  27.363 -27.365 1.94e-16 1.10e-16 5.04e-17 32.12 -352.21
F03962  27.375 -27.540 1.87e-16 1.09e-16 7.84e-17 27.41 -352.06
F04005  27.382 -28.086 2.98e-16 1.50e-16 9.80e-17 37.54 -352.30
F03969  27.409 -27.245 1.41e-16 1.22e-16 6.26e-17 34.15 -352.21
F03987  27.412 -27.416 1.87e-16 1.35e-16 9.55e-17 28.67 -352.30
F04011  27.413 -27.841 1.47e-16 1.32e-16 9.58e-17 26.68 -352.08
F03971  27.418 -28.674 1.40e-16 1.06e-16 5.34e-17 33.87 -352.25
F03988  27.419 -27.448 1.98e-16 1.36e-16 8.48e-17 35.06 -352.07
F03992  27.431 -27.899 1.42e-16 8.80e-17 6.95e-17 36.11 -352.19
F03978  27.434 -27.814 1.21e-16 7.85e-17 6.19e-17 38.55 -352.24
F03980  27.436 -28.153 2.02e-16 1.26e-16 5.49e-17 26.31 -352.25
F03964  27.446 -27.885 1.22e-16 1.20e-16 6.77e-17 28.17 -352.30
F03973  27.446 -27.937 1.68e-16 1.16e-16 5.44e-17 31.45 -352.34
F04001  27.456 -27.949 7.95e-17 9.64e-17 4.58e-17 21.51 -352.11
F03970  27.456 -27.801 1.56e-16 8.81e-17 6.80e-17 32.12 -352.22
F04004  27.467 -28.021 1.65e-16 1.02e-16 5.43e-17 28.43 -352.16
F03959  27.470 -28.424 1.31e-16 9.85e-17 7.50e-17 35.47 -352.21
F03982  27.475 -27.912 1.34e-16 7.40e-17 5.81e-17 45.05 -352.38
F03966  27.476 -27.925 2.45e-16 1.47e-16 9.25e-17 36.91 -352.27
F03998  27.481 -27.880 1.29e-16 1.12e-16 8.70e-17 37.70 -352.20
F03996  27.483 -27.981 2.14e-16 1.10e-16 1.21e-16 21.15 -352.26
F04007  27.486 -27.750 2.97e-16 1.40e-16 1.11e-16 24.24 -352.14
F04000  27.488 -27.812 2.96e-16 1.34e-16 1.18e-16 51.55 -352.18
F03981  27.491 -27.885 2.90e-16 1.04e-16 8.98e-17 19.46 -352.22
F03986  27.491 -27.907 1.33e-16 1.52e-16 8.25e-17 38.04 -352.12
F04010  27.492 -27.919 1.44e-16 7.23e-17 4.54e-17 28.20 -352.08
F04008  27.494 -27.846 2.23e-16 1.21e-16 9.58e-17 48.12 -352.22
F03965  27.497 -28.042 1.34e-16 7.92e-17 9.69e-17 31.24 -352.32
F03951  27.497 -27.890 2.35e-16 1.77e-16 1.11e-16 36.24 -352.20
F04003  27.509 -27.907 1.83e-16 9.81e-17 8.40e-17 36.14 -352.17
F03953  27.513 -27.926 1.04e-16 1.17e-16 7.28e-17 37.49 -352.26
F03948  27.518 -27.905 1.74e-16 1.21e-16 4.88e-17 27.12 -352.25
F03957  27.521 -27.935 1.48e-16 8.77e-17 5.40e-17 42.02 -352.23
F03963  27.524 -27.922 1.25e-16 9.29e-17 8.70e-17 34.10 -352.29
F03967  27.527 -27.902 1.38e-16 1.02e-16 6.40e-17 27.15 -352.20
F03975  27.531 -27.935 2.13e-16 1.43e-16 1.11e-16 46.02 -352.34
F03958  27.537 -27.948 1.25e-16 1.06e-16 8.90e-17 28.14 -352.20
F03990  27.550 -27.948 1.26e-16 1.02e-16 5.40e-17 37.29 -352.28
F03984  27.553 -27.750 1.73e-16 1.15e-16 5.07e-17 30.46 -352.15
F03983  27.554 -28.021 1.72e-16 1.39e-16 6.79e-17 25.98 -352.08
F04006  27.557 -27.907 1.31e-16 8.26e-17 4.55e-17 34.48 -352.23
F03947  27.561 -27.888 2.32e-16 8.47e-17 7.70e-17 11.40 -352.27
F03949  27.571 -27.846 1.95e-16 1.11e-16 8.62e-17 35.50 -352.27
F04012  27.597 -27.985 1.52e-16 1.41e-16 7.24e-17 33.57 -352.20
F03979  27.598 -27.028 1.34e-16 1.24e-16 6.31e-17 39.58 -352.14
F03954  27.607 -27.943 1.42e-16 1.04e-16 5.28e-17 26.62 -352.30
F03995  27.631 -27.926 1.39e-16 9.59e-17 9.42e-17 20.05 -352.14
F03952  27.649 -27.851 1.81e-16 1.36e-16 6.91e-17 24.43 -352.30
F03997  27.733 -27.970 1.73e-16 7.41e-17 7.58e-17 39.03 -352.18
F03989  27.785 -27.741 1.59e-16 1.37e-16 6.93e-17 17.39 -352.33
F03961  27.824 -28.236 1.60e-16 1.11e-16 7.10e-17 25.85 -352.11
F03956  27.905 -27.773 1.43e-16 9.97e-17 6.80e-17 28.48 -352.38
F03985  27.944 -28.650 1.69e-16 1.14e-16 7.24e-17 55.43 -352.17
F03972  27.988 -28.392 1.75e-16 9.64e-17 5.64e-17 22.05 -352.17
F03950  27.997 -27.760 1.74e-16 1.09e-16 8.71e-17 31.72 -352.14
F03976  28.169 -29.488 1.64e-16 1.34e-16 5.25e-17 35.36 -352.06
F03991  28.625 -28.531 1.23e-16 1.02e-16 7.22e-17 22.65 -352.29
