name x y flux1 flux2 flux3 par rv
P00094  15.364 -29.615 1.08e-16 5.30e-17 2.51e-17   0.006   -1.04
P09904  15.307 -29.802 9.63e-17 5.66e-17 2.50e-17   0.005   -0.85
P00640  15.418 -15.295 2.37e-12 1.36e-12 5.80e-13   0.003   -3.87
P05200  15.657 -29.678 1.01e-16 1.08e-16 1.25e-16   0.007   -0.96
P04332  15.709 -27.518 5.15e-15 3.20e-15 2.16e-15   0.005   -1.23
P01221  15.917 -19.639 2.16e-15 1.58e-15 8.01e-16   0.003   -3.27
P04852  16.019 -18.988 9.38e-17 9.17e-17 9.13e-17   0.003   -0.08
P00556  16.449 -20.722 2.42e-17 3.12e-17 3.12e-17   0.003   -2.73
P01874  16.677 -21.928 2.04e-17 3.45e-17 3.16e-17   0.006   -2.84
P07273  16.992 -29.983 2.18e-13 1.16e-13 5.34e-14   0.005   -1.88
P09541  17.060 -24.061 4.34e-12 2.30e-12 8.23e-13   0.016    0.53
P04256  17.133 -29.007 6.88e-16 8.24e-16 5.16e-16   0.005   -1.63
P07476  18.167 -29.822 1.06e-16 5.29e-17 2.20e-17   0.005   -1.83
P07735  18.165 -21.949 2.00e-12 1.04e-12 4.89e-13   0.013    0.13
P01648  18.441 -29.816 3.41e-13 1.46e-13 7.19e-14   0.005   -2.43
P05551  19.161 -29.953 7.56e-15 5.82e-15 3.29e-15   0.006   -2.32
P09567  20.868 -24.106 3.81e-16 3.33e-16 2.32e-16   0.005    0.09
P00424  20.914 -27.475 2.42e-13 1.02e-13 5.41e-14   0.005   -2.21
P06171  21.076 -28.159 4.37e-11 3.14e-11 1.68e-11   0.013    0.03
P01629  21.300 -16.228 3.54e-17 4.52e-17 4.26e-17   0.004   -0.22
P07956  22.248 -27.693 9.19e-16 8.20e-16 5.93e-16   0.005   -3.28
P06959  22.411 -26.841 5.47e-16 4.94e-16 3.59e-16   0.005   -2.16
P02596  22.343 -29.419 5.03e-15 2.88e-15 1.87e-15   0.005   -2.39
P10103  23.529 -25.790 1.72e-13 8.77e-14 3.65e-14   0.003   -2.06
P04468  23.736 -24.627 1.02e-12 1.32e-12 1.26e-12   0.004   -3.10
P01001  24.008 -29.876 7.82e-15 4.91e-15 2.64e-15   0.004   -2.92
P09697  24.572 -29.349 6.12e-14 3.21e-14 1.26e-14   0.003   -2.79
P09119  24.875 -17.376 1.65e-16 1.69e-16 1.49e-16   0.002   -0.44
P03263  24.989 -29.427 9.98e-13 5.04e-13 2.57e-13   0.020    0.78
P05661  25.038 -19.162 1.04e-14 9.95e-15 8.72e-15   0.032    0.67
P06426  25.133 -17.117 1.55e-16 1.51e-16 1.17e-16   0.001   -3.85
P10194  26.174 -29.769 3.39e-13 2.03e-13 1.12e-13   0.017    0.65
P09184  26.393 -29.616 4.22e-14 2.50e-14 1.47e-14   0.005   -2.75
P08895  27.242 -29.237 2.43e-13 1.16e-13 6.05e-14   0.006   -2.98
P05247  27.168 -28.020 1.35e-11 5.95e-12 2.57e-12   0.026    0.93
P02455  28.037 -24.453 2.41e-16 2.13e-16 1.55e-16   0.001   -3.26
P07958  28.344 -16.040 1.30e-17 1.87e-17 1.60e-17   0.001   -1.86
P08093  29.239 -21.772 9.73e-14 6.02e-14 2.94e-14   0.005   -0.41
P05545  29.467 -20.362 3.40e-13 1.53e-13 8.18e-14   0.003   -0.58
P01476  29.909 -16.339 1.22e-14 6.18e-15 2.68e-15   0.002   -1.96
