name x y flux1 flux2 flux3 par rv
P07883   0.665 -26.880 3.98e-14 2.23e-14 9.98e-15   0.004   -0.51
P06252   1.003 -22.828 1.00e-15 7.33e-16 5.12e-16   0.005   -0.58
P00196   1.397 -24.541 2.75e-15 1.80e-15 1.11e-15   0.004   -0.44
P10264   1.345 -24.246 3.68e-17 4.27e-17 4.06e-17   0.001   -0.38
P07762   1.326 -28.902 3.34e-15 2.49e-15 1.44e-15   0.005    0.55
P03458   2.024 -23.624 3.63e-15 2.53e-15 1.47e-15   0.005   -0.54
P02162   1.985 -26.174 1.44e-13 7.70e-14 3.64e-14   0.005   -0.59
P05671   1.991 -15.867 1.13e-13 6.01e-14 2.79e-14   0.002   -1.30
P08888   2.427 -26.188 1.62e-14 1.02e-14 5.26e-15   0.004   -0.58
P00365   2.591 -17.539 3.66e-17 4.45e-17 4.41e-17   0.004   -1.24
P08158   2.819 -25.750 2.12e-16 2.19e-16 1.62e-16   0.002   -0.69
P00845   2.669 -25.946 1.52e-17 2.10e-17 1.81e-17   0.003   -0.60
P00928   2.817 -29.425 1.79e-13 7.80e-14 3.99e-14   0.004    1.00
P00586   3.444 -24.960 9.04e-16 8.22e-16 4.25e-16   0.004   -0.79
P03929   3.477 -29.924 7.21e-16 5.72e-16 4.10e-16   0.004   -1.27
P09299   3.835 -26.377 6.14e-15 4.29e-15 2.22e-15   0.003   -0.91
P03777   3.756 -26.078 3.51e-15 2.02e-15 1.01e-15   0.000    0.99
P09835   3.883 -26.294 6.22e-15 4.24e-15 1.88e-15   0.004   -0.85
P01315   3.980 -22.966 4.57e-12 2.41e-12 1.29e-12   0.004   -1.00
P01775   4.109 -25.697 1.15e-13 6.35e-14 2.74e-14   0.004   -0.82
P01028   4.330 -25.383 1.30e-17 1.78e-17 1.96e-17   0.004   -0.83
P07716   4.515 -27.938 1.86e-15 1.56e-15 8.51e-16   0.004   -1.30
P10458   4.502 -22.442 6.63e-15 3.78e-15 2.66e-15   0.003   -1.14
P02007   4.506 -28.095 6.19e-16 4.90e-16 3.29e-16   0.003   -1.30
P07857   4.418 -22.223 5.49e-14 3.69e-14 1.45e-14   0.004   -1.21
P01909   4.525 -26.681 6.96e-17 6.10e-17 4.98e-17   0.003    0.91
P05648   4.657 -16.147 3.71e-14 1.85e-14 7.91e-15   0.004   -2.17
P03255   4.547 -26.473 2.14e-16 1.79e-16 1.18e-16   0.000    1.03
P08560   4.647 -21.916 6.54e-15 4.97e-15 2.58e-15   0.005   -1.29
P01732   4.746 -28.820 1.53e-14 9.98e-15 5.70e-15   0.002   -1.47
P02131   4.730 -24.371 6.37e-16 5.23e-16 3.75e-16   0.004   -0.98
P01362   4.885 -24.742 8.39e-15 4.21e-15 2.56e-15   0.004   -1.05
P00468   4.804 -24.149 1.82e-13 8.46e-14 4.28e-14   0.005   -1.05
P09899   4.976 -23.855 2.74e-14 1.25e-14 7.72e-15   0.004   -0.65
P02966   5.009 -25.081 5.54e-17 6.31e-17 5.95e-17   0.003   -1.10
P05316   5.106 -24.961 2.88e-15 1.79e-15 1.27e-15   0.003   -1.04
P04741   4.850 -23.833 2.77e-12 1.52e-12 7.09e-13   0.004   -1.15
P05046   5.158 -20.890 3.72e-15 2.47e-15 1.76e-15   0.005   -1.36
P06825   5.011 -26.969 7.76e-17 3.45e-17 1.61e-17   0.002   -1.47
P02181   5.089 -23.886 5.42e-15 3.73e-15 2.43e-15   0.002   -1.28
P02588   5.180 -25.960 1.08e-16 1.31e-16 9.74e-17   0.004   -1.20
P05147   5.287 -27.971 5.06e-13 2.38e-13 1.36e-13   0.002    0.43
P01373   5.194 -26.491 2.47e-15 1.77e-15 9.19e-16   0.003   -1.53
P03030   5.264 -25.410 3.74e-12 4.26e-12 2.79e-12   0.004   -1.12
P00972   5.256 -27.251 2.48e-17 3.41e-17 3.59e-17   0.005   -1.54
P03264   5.429 -24.802 2.96e-14 1.48e-14 8.35e-15   0.003   -1.37
P07931   5.362 -25.981 1.79e-14 1.05e-14 4.80e-15   0.002   -1.30
P03062   5.384 -25.646 1.49e-14 9.19e-15 4.10e-15   0.003   -1.25
P08670   5.525 -26.713 7.45e-15 5.07e-15 2.49e-15   0.003   -1.55
P01328   5.497 -26.959 1.59e-16 1.74e-16 1.38e-16   0.004   -1.61
P07158   5.526 -25.661 2.34e-16 2.16e-16 1.45e-16   0.003   -1.41
P07166   5.704 -25.922 1.22e-17 8.08e-18 4.01e-18   0.003   -1.61
P02282   5.607 -24.851 1.86e-16 1.85e-16 1.54e-16   0.003   -1.52
P00955   5.646 -25.656 4.61e-12 3.30e-12 1.80e-12   0.005   -1.50
P05872   5.734 -25.388 1.86e-12 2.53e-12 2.61e-12   0.006   -1.50
P07552   5.642 -29.302 1.83e-14 8.84e-15 3.80e-15   0.003   -0.32
P08258   5.713 -25.140 1.93e-14 1.30e-14 6.85e-15   0.003   -1.52
P06285   5.798 -27.004 7.79e-13 5.07e-13 2.09e-13   0.001    0.90
P07381   5.757 -26.726 8.45e-14 3.53e-14 2.01e-14   0.003   -1.76
P07104   5.738 -26.289 5.83e-14 3.60e-14 1.51e-14   0.003   -1.75
P02897   5.829 -21.928 6.95e-15 5.49e-15 2.85e-15   0.003   -1.60
P09096   5.855 -26.284 2.12e-16 2.60e-16 1.60e-16   0.004   -1.74
P00331   5.833 -25.002 3.36e-12 1.98e-12 1.07e-12   0.003   -1.42
P03230   5.927 -25.291 2.43e-16 2.76e-16 1.77e-16   0.003   -1.53
P05479   5.862 -25.499 1.69e-15 1.28e-15 7.48e-16   0.003   -1.63
P00507   5.936 -25.364 7.66e-17 9.40e-17 8.05e-17   0.004   -1.58
P05321   5.934 -25.044 1.21e-14 6.62e-15 3.35e-15   0.002   -1.54
P07176   5.862 -25.329 1.16e-15 9.29e-16 5.44e-16   0.003   -1.65
P07055   5.979 -25.276 1.85e-14 1.12e-14 6.35e-15   0.002   -1.63
P07335   5.910 -25.502 1.03e-14 6.46e-15 3.25e-15   0.001   -1.68
P06770   6.041 -25.306 1.10e-16 1.10e-16 8.76e-17   0.005   -1.69
P08344   5.861 -25.212 6.87e-17 6.79e-17 6.37e-17   0.003   -1.78
P10256   5.846 -25.360 3.85e-17 4.08e-17 4.57e-17   0.004   -1.73
P09728   6.019 -27.024 1.67e-14 1.02e-14 4.27e-15   0.004   -1.81
P04672   5.975 -25.838 2.80e-17 3.87e-17 3.78e-17   0.003   -1.93
P09743   6.035 -26.471 2.23e-12 9.89e-13 4.69e-13   0.003   -1.79
P09038   6.081 -25.038 2.12e-13 1.09e-13 5.33e-14   0.004   -1.82
P05439   6.024 -24.439 8.62e-16 7.65e-16 5.14e-16   0.001   -1.74
P09895   6.139 -18.220 1.58e-16 1.62e-16 1.31e-16   0.004   -1.73
P01814   6.060 -25.128 6.39e-15 4.10e-15 1.87e-15   0.002   -1.89
P02009   6.052 -26.036 8.45e-15 4.69e-15 2.91e-15   0.003   -1.95
P08498   6.096 -27.681 4.54e-17 6.01e-17 5.34e-17   0.004   -1.81
P00891   6.092 -28.771 3.76e-17 4.62e-17 4.77e-17   0.004   -1.84
P08989   6.047 -24.247 4.17e-14 2.54e-14 1.12e-14   0.002   -1.76
P08493   6.180 -25.838 2.33e-17 3.20e-17 2.60e-17   0.003   -2.01
P03069   6.118 -25.117 4.02e-14 1.90e-14 9.12e-15   0.004   -1.93
P05100   6.221 -25.433 4.31e-15 3.18e-15 1.57e-15   0.005   -2.07
P03607   6.211 -25.288 2.28e-15 1.59e-15 9.53e-16   0.004   -2.12
P00671   6.191 -25.518 1.20e-16 1.43e-16 1.18e-16   0.003   -2.13
P08314   6.292 -27.059 1.15e-15 6.98e-16 3.98e-16   0.002    0.86
P07201   6.420 -26.189 3.18e-14 1.85e-14 8.91e-15   0.002   -2.06
P08830   6.453 -22.707 3.39e-15 2.09e-15 1.15e-15   0.003   -1.82
P05523   6.541 -28.308 7.18e-17 6.72e-17 5.21e-17   0.001    0.45
P07680   6.561 -28.498 3.00e-16 2.05e-16 1.21e-16   0.001    0.02
P07214   6.735 -21.617 3.23e-17 3.65e-17 3.78e-17   0.003   -1.84
P06543   6.580 -25.473 4.17e-12 4.00e-12 3.02e-12   0.005   -2.31
P07416   6.721 -25.541 3.35e-14 1.91e-14 1.00e-14   0.004   -2.36
P04548   6.649 -28.980 6.59e-14 3.59e-14 1.67e-14   0.003   -2.04
P02736   6.720 -28.142 4.64e-15 2.85e-15 1.37e-15   0.003    0.34
P04196   6.702 -27.205 7.38e-15 4.46e-15 2.32e-15   0.005   -0.03
P07280   6.835 -29.233 4.21e-15 1.75e-15 1.02e-15   0.003   -0.58
P10086   7.070 -26.819 4.17e-17 5.28e-17 4.60e-17   0.003   -2.30
P02801   6.859 -24.361 4.75e-12 3.13e-12 1.89e-12   0.004   -2.20
P01413   6.925 -24.357 4.12e-16 3.58e-16 2.58e-16   0.001   -2.24
P07471   6.852 -25.319 4.85e-12 3.14e-12 1.62e-12   0.004   -2.37
P02739   7.000 -27.086 7.29e-17 5.40e-17 4.20e-17   0.003    0.69
P09421   6.931 -27.859 1.28e-17 1.60e-17 1.38e-17   0.003    0.55
P05314   6.930 -28.036 2.47e-16 1.78e-16 1.19e-16   0.002    0.48
P10444   6.988 -26.041 1.24e-17 1.75e-17 2.04e-17   0.003   -2.42
P01531   7.121 -21.983 1.24e-14 7.75e-15 3.69e-15   0.004   -1.88
P02867   7.133 -27.706 4.51e-17 4.51e-17 3.59e-17   0.003    0.55
P00918   7.064 -21.703 3.95e-12 3.28e-12 2.70e-12   0.003   -1.16
P07833   7.014 -23.942 4.28e-14 2.68e-14 1.14e-14   0.004   -2.26
P00258   7.090 -29.369 8.88e-15 5.90e-15 2.86e-15   0.002   -1.01
P10457   7.229 -27.963 5.98e-15 3.17e-15 1.93e-15   0.001    0.50
P03063   7.335 -22.450 3.24e-14 1.69e-14 8.69e-15   0.002   -2.07
P09957   7.291 -26.441 1.50e-17 2.00e-17 2.17e-17   0.005   -2.51
P05880   7.214 -26.963 5.63e-17 2.35e-17 1.36e-17   0.005   -2.49
P07853   7.300 -24.735 1.58e-16 1.43e-16 1.14e-16   0.005   -2.40
P05608   7.366 -24.751 1.55e-16 9.64e-17 7.72e-17   0.002    0.02
P08602   7.499 -28.534 3.78e-13 2.11e-13 1.07e-13   0.002   -0.07
P02039   7.613 -24.706 3.42e-17 1.91e-17 8.22e-18   0.005   -2.48
P01220   7.559 -27.637 1.77e-15 1.39e-15 8.52e-16   0.002   -2.35
P08804   7.695 -28.118 3.95e-16 2.73e-16 1.98e-16   0.003    0.18
P07449   7.584 -28.937 2.10e-16 1.60e-16 1.13e-16   0.000   -0.96
P02360   7.705 -27.707 2.70e-14 1.53e-14 8.50e-15   0.005   -2.42
P03638   7.542 -22.201 6.87e-16 5.19e-16 3.44e-16   0.002   -2.10
P07248   7.862 -28.366 4.12e-17 3.64e-17 2.82e-17   0.003   -0.06
P03730   7.727 -28.449 9.53e-13 7.54e-13 3.84e-13   0.002   -0.31
P06552   7.786 -15.150 7.58e-17 7.28e-17 5.40e-17   0.002   -2.63
P04188   7.890 -29.520 2.44e-13 1.14e-13 5.61e-14   0.006    0.28
P03406   7.848 -29.291 2.32e-14 1.33e-14 5.46e-15   0.002   -1.63
P08614   7.836 -28.115 3.94e-16 2.53e-16 1.51e-16   0.000   -0.07
P05662   7.996 -28.938 5.02e-16 4.47e-16 2.68e-16   0.005   -2.32
P04152   7.902 -28.079 7.44e-16 4.86e-16 2.96e-16   0.001   -0.26
P06385   7.848 -28.479 5.83e-17 6.10e-17 4.59e-17   0.003   -0.31
P03896   7.851 -28.521 5.60e-15 2.69e-15 1.35e-15   0.003   -0.49
P07785   8.027 -26.043 6.09e-15 4.39e-15 2.40e-15   0.004   -2.70
P04812   7.988 -29.069 2.27e-14 1.19e-14 6.31e-15   0.000   -1.68
P07454   8.017 -21.987 8.91e-16 8.63e-16 5.57e-16   0.003   -2.21
P07098   8.043 -29.322 1.11e-15 7.11e-16 4.12e-16   0.001   -2.40
P07305   8.021 -28.666 1.41e-16 1.13e-16 7.87e-17   0.002   -0.76
P07475   8.121 -28.736 8.74e-13 8.47e-13 5.28e-13   0.001   -1.37
P02797   8.045 -28.541 7.06e-15 3.88e-15 2.15e-15   0.002   -0.92
P03959   8.122 -26.993 9.53e-14 4.84e-13 1.14e-12   0.003   -0.46
P06912   8.149 -29.010 2.62e-17 1.18e-17 5.59e-18   0.003   -1.97
P06789   8.163 -28.455 5.30e-16 4.05e-16 2.39e-16   0.003   -0.54
P07091   8.216 -28.478 5.22e-16 3.48e-16 2.40e-16   0.002   -0.75
P04412   8.238 -29.236 1.37e-17 7.14e-18 3.00e-18   0.001   -2.41
P01044   8.144 -28.899 2.11e-15 1.23e-15 5.34e-16   0.002   -2.23
P09183   8.140 -28.785 8.98e-13 5.57e-13 3.31e-13  -0.001   -1.21
P09146   8.160 -29.053 8.61e-15 4.88e-15 2.14e-15   0.003   -2.44
P02595   8.190 -28.003 1.86e-15 1.20e-15 6.72e-16   0.001   -0.76
P07290   8.354 -28.726 8.22e-15 4.94e-15 2.26e-15   0.001   -1.71
P06593   8.235 -28.549 2.66e-13 4.35e-13 4.84e-13   0.002   -1.11
P07088   8.393 -28.661 2.66e-15 1.50e-15 8.05e-16   0.002   -1.84
P00030   8.233 -28.702 3.40e-14 1.87e-14 8.27e-15   0.002   -1.68
P00455   8.303 -28.888 1.68e-16 1.49e-16 1.05e-16   0.001   -2.41
P04606   8.469 -27.535 4.23e-14 2.42e-14 8.89e-15   0.003   -0.81
P00644   8.311 -28.233 1.00e-17 1.07e-17 9.62e-18   0.002   -0.53
P05814   8.287 -24.846 2.59e-16 2.62e-16 1.95e-16   0.003   -2.74
P05289   8.374 -28.227 1.46e-14 6.46e-15 3.42e-15   0.002   -1.07
P04720   8.349 -25.635 1.05e-17 1.11e-17 1.10e-17   0.001   -0.44
P00179   8.461 -28.591 1.64e-16 1.47e-16 9.84e-17   0.002   -1.84
P02603   8.554 -28.796 7.82e-16 5.22e-16 2.97e-16   0.001   -2.23
P00738   8.468 -25.242 1.85e-16 1.78e-16 1.31e-16   0.003   -2.69
P00118   8.555 -25.570 3.60e-16 3.53e-16 2.70e-16   0.004   -2.78
P06554   8.562 -28.297 1.46e-14 7.41e-15 3.66e-15   0.001   -1.53
P03874   8.569 -29.496 4.52e-14 2.13e-14 9.91e-15   0.001   -3.08
P01766   8.625 -28.458 6.58e-15 4.24e-15 2.10e-15   0.000   -1.65
P01578   8.626 -28.968 5.94e-17 5.04e-17 4.04e-17   0.002   -2.82
P06610   8.634 -27.739 1.02e-12 6.82e-13 4.77e-13   0.002   -1.04
P05992   8.612 -15.279 1.96e-14 1.86e-14 1.35e-14   0.033    0.57
P02229   8.640 -28.627 1.01e-17 5.17e-18 2.57e-18   0.000   -2.57
P01035   8.666 -28.687 6.97e-15 4.59e-15 2.11e-15   0.003   -2.52
P04641   8.819 -28.765 6.81e-17 5.86e-17 4.88e-17   0.005   -2.46
P09308   8.798 -29.196 2.23e-15 1.19e-15 6.70e-16   0.001   -3.13
P04630   8.777 -22.726 5.64e-15 3.61e-15 2.29e-15   0.005   -2.41
P02120   8.766 -28.311 3.32e-14 1.25e-14 6.67e-15  -0.001   -1.77
P05155   8.916 -16.829 4.63e-17 6.14e-17 5.67e-17   0.004   -0.44
P07651   8.847 -26.146 7.30e-16 4.90e-16 2.80e-16   0.003   -0.82
P01593   8.764 -19.708 3.05e-17 5.62e-17 5.20e-17   0.006   -2.65
P01440   8.984 -29.967 8.33e-17 6.91e-17 4.57e-17   0.003   -3.31
P04081   9.134 -28.649 8.75e-16 6.12e-16 3.40e-16   0.000   -2.68
P00370   9.165 -24.939 1.63e-13 7.01e-14 3.19e-14   0.004   -2.72
P02854   9.273 -29.440 4.58e-12 2.50e-12 1.03e-12   0.005    0.34
P06908   9.164 -25.405 5.95e-14 3.49e-14 1.58e-14   0.002   -2.85
P04378   9.297 -28.098 2.27e-17 2.36e-17 1.96e-17   0.003   -2.28
P07593   9.328 -29.046 1.36e-15 8.69e-16 4.65e-16   0.004   -3.31
P08036   9.525 -28.429 2.89e-14 1.29e-14 5.81e-15  -0.001   -2.61
P02401   9.491 -26.757 1.11e-14 6.24e-15 3.23e-15   0.002   -1.35
P10240   9.515 -23.356 8.42e-16 6.75e-16 4.82e-16   0.001   -2.61
P06028   9.567 -25.241 1.86e-14 1.35e-14 6.48e-15   0.005   -2.90
P05887   9.676 -29.157 4.46e-12 3.67e-12 2.76e-12   0.004   -2.59
P09926   9.757 -26.153 4.59e-14 2.28e-14 9.78e-15   0.001   -1.28
P05728   9.768 -29.549 2.13e-16 1.95e-16 1.29e-16   0.000   -3.80
P04962   9.739 -29.416 2.07e-17 2.33e-17 2.07e-17   0.002   -3.72
P03328   9.867 -29.885 1.31e-14 6.67e-15 3.26e-15   0.001   -3.79
P01399   9.793 -27.398 4.08e-17 5.36e-17 4.61e-17   0.004   -2.90
P01161   9.798 -27.336 1.63e-15 1.20e-15 6.12e-16   0.001   -1.88
P03339  10.008 -27.955 4.23e-12 2.46e-12 1.30e-12   0.004   -0.21
P05122  10.085 -29.566 6.48e-15 3.29e-15 1.56e-15   0.002   -3.82
P05494  10.241 -27.414 8.75e-14 4.68e-14 2.05e-14   0.004   -0.36
P02858  10.314 -29.125 9.82e-13 6.90e-13 4.63e-13   0.002   -3.68
P09636  10.287 -21.360 3.96e-13 1.86e-13 8.49e-14   0.009   -0.94
P07160  10.470 -29.127 3.73e-16 2.52e-16 1.38e-16   0.001   -3.76
P04895  10.317 -18.861 6.46e-15 7.35e-15 5.23e-15   0.030    0.64
P05146  10.546 -25.167 1.98e-15 1.51e-15 7.76e-16   0.004   -2.88
P04284  10.451 -26.673 3.59e-12 2.06e-12 1.04e-12   0.003   -2.91
P03886  10.579 -16.501 1.61e-17 2.85e-17 2.39e-17   0.004   -0.45
P07550  10.825 -26.642 9.93e-14 4.63e-14 2.10e-14   0.004   -2.96
P10370  10.824 -27.310 1.96e-15 1.20e-15 6.38e-16   0.002   -2.20
P06200  10.759 -26.146 1.70e-17 2.47e-17 2.38e-17   0.004   -2.98
P01565  10.942 -20.903 5.17e-14 3.03e-14 1.43e-14   0.003   -2.55
P04815  11.082 -26.829 4.26e-16 3.59e-16 2.79e-16   0.005   -2.96
P08655  11.273 -20.841 1.35e-15 1.07e-15 6.49e-16   0.003   -2.51
P03128  11.481 -28.844 6.13e-13 3.96e-13 1.85e-13   0.001   -3.34
P03413  11.432 -20.509 2.38e-15 2.77e-15 1.93e-15   0.012   -0.26
P08844  11.742 -21.623 2.36e-16 2.29e-16 1.65e-16   0.003   -2.67
P00606  12.087 -24.789 1.27e-16 1.44e-16 1.06e-16   0.005   -2.96
P09154  12.417 -23.111 9.51e-15 5.14e-15 3.41e-15   0.005   -2.78
P07025  12.679 -28.978 1.26e-15 9.26e-16 5.98e-16   0.004   -2.94
P09840  12.527 -20.029 2.97e-15 2.00e-15 1.11e-15   0.003   -2.90
P00787  12.844 -15.598 1.09e-15 1.02e-15 4.45e-16   0.003   -3.58
P02696  13.198 -24.977 4.88e-15 2.97e-15 1.64e-15   0.002   -3.06
P08514  13.396 -28.646 4.90e-17 2.74e-17 1.15e-17   0.007    0.12
P00856  14.142 -22.422 1.35e-11 2.48e-11 3.49e-11   0.013    0.10
P10100  14.188 -24.761 2.13e-16 1.93e-16 1.70e-16   0.004   -3.12
P08896  14.666 -23.294 4.66e-11 3.71e-11 2.50e-11   0.012   -0.19
P09919  14.750 -26.269 2.57e-15 1.75e-15 1.32e-15   0.005   -1.26
