name x y flux0 flux1 flux2 width rv
F07466 -44.966  16.400 5.27e-17 3.48e-17 2.15e-17 15.90 -528.42
F07461 -44.930  16.213 9.69e-17 6.52e-17 4.39e-17 20.97 -528.21
F07463 -44.924  16.850 5.97e-17 5.06e-17 3.05e-17 22.75 -528.29
F07447 -44.918  16.459 6.67e-17 4.60e-17 3.47e-17 20.38 -528.40
F07484 -44.915  16.663 4.76e-17 4.73e-17 2.61e-17 29.64 -528.34
F07453 -44.905  16.640 9.63e-17 6.59e-17 4.21e-17 15.32 -528.41
F07476 -44.902  16.580 6.70e-17 4.61e-17 2.63e-17 22.13 -528.42
F07477 -44.897  16.878 6.69e-17 4.33e-17 2.59e-17 17.93 -528.34
F07469 -44.897  16.484 7.04e-17 4.22e-17 3.42e-17 23.80 -528.17
F07446 -44.888  16.534 5.13e-17 3.61e-17 2.75e-17 24.42 -528.36
F07475 -44.884  16.685 7.64e-17 6.00e-17 3.78e-17 23.06 -528.39
F07448 -44.880  16.896 5.72e-17 4.45e-17 2.35e-17 22.35 -528.33
F07481 -44.879  16.582 6.52e-17 4.27e-17 3.21e-17 25.95 -528.57
F07474 -44.873  16.537 7.95e-17 6.16e-17 3.68e-17 22.63 -528.36
F07442 -44.873  16.583 7.10e-17 4.92e-17 3.13e-17 16.80 -528.50
F07471 -44.873  16.177 5.44e-17 3.34e-17 2.89e-17 23.30 -528.27
F07454 -44.872  16.537 6.70e-17 4.29e-17 3.33e-17 23.20 -528.45
F07460 -44.866  16.501 8.77e-17 5.26e-17 3.28e-17 33.68 -528.53
F07467 -44.864  16.397 6.46e-17 3.83e-17 3.00e-17 32.39 -528.44
F07459 -44.854  16.509 6.84e-17 4.48e-17 2.84e-17 14.47 -528.42
F07457 -44.853  16.534 5.69e-17 3.64e-17 2.47e-17 12.61 -528.55
F07444 -44.851  16.611 5.92e-17 4.68e-17 2.98e-17 14.37 -528.49
F07485 -44.838  16.523 8.51e-17 4.82e-17 3.81e-17 14.58 -528.47
F07458 -44.829  16.499 5.58e-17 3.80e-17 2.46e-17 24.11 -528.40
F07483 -44.827  16.548 9.05e-17 5.67e-17 4.02e-17 19.12 -528.50
F07468 -44.823  16.525 6.38e-17 4.57e-17 3.14e-17 22.39 -528.48
F07480 -44.797  16.584 7.71e-17 5.20e-17 3.24e-17 21.31 -528.36
F07462 -44.791  16.595 6.80e-17 4.33e-17 3.14e-17 21.61 -528.33
F07465 -44.781  16.602 6.85e-17 3.91e-17 2.94e-17 23.47 -528.32
F07482 -44.778  16.556 6.44e-17 4.83e-17 3.24e-17 26.36 -528.51
F07445 -44.774  16.760 8.32e-17 4.57e-17 3.32e-17 27.61 -528.25
F07455 -44.770  16.533 5.20e-17 4.56e-17 2.55e-17 24.37 -528.25
F07452 -44.733  16.613 4.93e-17 3.35e-17 2.50e-17 17.03 -528.22
F07470 -44.718  17.431 7.46e-17 5.32e-17 3.19e-17 22.76 -528.33
F07449 -44.696  16.653 8.01e-17 5.21e-17 3.83e-17 34.35 -528.35
F07443 -44.630  16.484 8.68e-17 4.78e-17 3.74e-17 29.82 -528.40
F07473 -44.627  16.938 6.30e-17 4.53e-17 3.57e-17 12.61 -528.25
F07479 -44.501  16.564 7.46e-17 4.32e-17 3.47e-17 27.76 -528.20
F07478 -44.445  15.900 4.94e-17 3.43e-17 2.28e-17 16.19 -528.48
F01296 -33.477  26.060 5.14e-17 3.34e-17 2.48e-17 16.03 -656.38
F01300 -33.312  26.341 3.97e-17 2.47e-17 1.79e-17 13.77 -656.36
F01304 -33.299  26.635 4.25e-17 3.00e-17 2.10e-17 14.46 -656.31
F01308 -33.271  26.585 5.67e-17 3.99e-17 2.53e-17 22.96 -656.34
F01314 -33.269  26.201 4.44e-17 3.32e-17 2.01e-17 11.76 -656.49
F01303 -33.247  26.584 3.48e-17 2.51e-17 1.62e-17 13.87 -656.45
F01305 -33.166  26.396 6.06e-17 4.36e-17 2.53e-17 16.76 -656.45
F01306 -33.147  25.998 4.10e-17 3.88e-17 2.10e-17 29.58 -656.42
F01297 -33.129  26.414 4.30e-17 3.22e-17 1.72e-17 13.89 -656.50
F01313 -33.119  26.363 5.67e-17 3.80e-17 3.07e-17 14.08 -656.18
F01298 -33.096  26.296 5.31e-17 3.13e-17 2.09e-17 23.13 -656.64
F01315 -33.091  26.382 3.25e-17 1.96e-17 1.65e-17 21.60 -656.26
F01312 -33.079  26.326 3.35e-17 2.10e-17 1.63e-17 12.16 -656.26
F01302 -33.075  26.336 2.75e-17 1.90e-17 1.36e-17 20.18 -656.42
F01301 -33.075  26.596 4.58e-17 3.67e-17 1.88e-17 15.19 -656.17
F01309 -33.039  26.439 4.34e-17 2.95e-17 2.03e-17 22.32 -656.32
F01307 -32.996  26.326 3.96e-17 3.43e-17 1.95e-17 13.77 -656.41
F01311 -32.987  26.301 5.60e-17 3.90e-17 2.70e-17 19.66 -656.45
F01299 -32.954  26.432 4.37e-17 3.46e-17 1.72e-17 20.05 -656.38
F01310 -32.908  26.913 3.85e-17 2.56e-17 1.97e-17 23.13 -656.50
F01647 -31.256  29.060 1.85e-16 1.52e-16 1.03e-16 28.78 -347.93
F01659 -31.206  28.889 1.76e-16 1.31e-16 9.52e-17 24.97 -347.99
F01651 -31.168  28.999 1.31e-16 9.74e-17 6.04e-17 30.78 -347.86
F01643 -31.152  29.319 1.91e-16 1.22e-16 7.79e-17 22.99 -348.06
F01667 -31.096  29.119 1.11e-16 9.48e-17 5.73e-17 38.34 -347.95
F01671 -30.987  29.262 1.80e-16 1.31e-16 7.51e-17 30.94 -347.89
F01642 -30.960  29.431 1.18e-16 7.48e-17 6.13e-17 37.81 -348.00
F01666 -30.945  29.307 2.27e-16 1.57e-16 1.08e-16 40.45 -348.04
F01663 -30.917  29.406 1.37e-16 9.67e-17 6.24e-17 40.11 -347.97
F01672 -30.899  29.357 1.55e-16 1.00e-16 6.27e-17 21.09 -347.96
F01655 -30.872  29.375 1.56e-16 9.14e-17 6.25e-17 38.54 -348.06
F01646 -30.870  28.846 1.92e-16 1.22e-16 7.49e-17 16.59 -348.04
F01664 -30.863  29.240 1.59e-16 1.12e-16 7.48e-17 37.66 -347.92
F01644 -30.847  29.132 1.52e-16 1.22e-16 8.89e-17 33.23 -347.89
F01649 -30.836  29.142 1.61e-16 1.19e-16 8.23e-17 30.99 -347.92
F01650 -30.833  29.265 1.54e-16 1.12e-16 8.05e-17 36.98 -348.17
F01654 -30.807  28.680 1.07e-16 7.56e-17 5.27e-17 35.62 -347.80
F01656 -30.805  28.718 1.41e-16 9.82e-17 6.33e-17 28.30 -348.01
F01657 -30.797  29.326 1.86e-16 1.22e-16 9.45e-17 21.38 -347.83
F01652 -30.790  29.296 1.67e-16 1.29e-16 7.64e-17 27.77 -348.07
F01648 -30.716  29.011 1.56e-16 9.34e-17 7.04e-17 36.47 -348.07
F01645 -30.709  28.699 1.89e-16 1.19e-16 8.66e-17 21.65 -348.12
F01669 -30.698  29.264 1.75e-16 1.15e-16 8.66e-17 38.45 -347.92
F01641 -30.688  29.134 1.90e-16 1.62e-16 1.07e-16 37.35 -347.76
F01638 -30.687  29.168 1.68e-16 1.15e-16 7.75e-17 26.54 -347.92
F01640 -30.684  29.177 2.39e-16 1.33e-16 9.65e-17 45.51 -348.01
F01670 -30.660  29.209 1.41e-16 9.31e-17 6.58e-17 37.73 -347.79
F01658 -30.610  28.322 1.71e-16 1.02e-16 6.75e-17 31.36 -347.92
F01674 -30.588  29.154 1.84e-16 1.07e-16 7.87e-17 25.38 -347.79
F01665 -30.539  28.503 1.70e-16 1.09e-16 7.40e-17 37.63 -348.08
F01639 -30.520  29.723 1.24e-16 8.76e-17 6.12e-17 23.76 -347.84
F01660 -30.509  29.393 1.00e-16 7.87e-17 6.58e-17 34.54 -347.98
F01668 -30.502  29.662 1.78e-16 1.31e-16 7.76e-17 17.70 -347.95
F01673 -30.457  29.176 1.71e-16 1.27e-16 6.98e-17 35.90 -348.03
F01661 -30.407  29.140 1.62e-16 9.72e-17 8.19e-17 26.08 -348.07
F01653 -30.162  28.606 1.57e-16 1.13e-16 7.83e-17 36.88 -347.95
F01675 -30.156  29.222 1.54e-16 1.12e-16 6.35e-17 30.99 -347.85
