Name Equatorial Polar BlueFlux GreenFlux RedFlux Parallax RadialVelocity Distance Periodicity Location
P02764 160.554 102.81299999999999 3.28e-17 2.4100000000000003e-17 1.65e-17 -0.0 1.83 undef 0.0 BackB04
P03355 160.67700000000002 104.405 9.87e-17 6.43e-17 3.49e-17 -0.001 2.03 undef 0.0 BackB04
P10168 160.861 104.557 2.2899999999999997e-17 1.82e-17 1.21e-17 0.001 1.84 undef 0.0 BackB04
P07795 160.984 104.434 5.48e-14 7.27e-14 7.52e-14 0.001 1.77 undef 19.189360354654845 BackB04
P04090 161.24 104.755 3.17e-17 2.49e-17 1.71e-17 0.0 1.13 undef 0.0 BackB04
P09662 161.263 104.861 4.31e-14 2.6e-14 1.17e-14 0.001 0.78 undef 0.0 BackB04
P05173 161.784 104.09299999999999 1.1e-13 8.4e-14 4.41e-14 0.001 0.76 undef 0.0 BackB04
P08286 160.203 106.213 8.88e-17 5.31e-17 3.09e-17 0.003 1.02 undef 0.0 BackB05
P04397 160.372 105.124 1.36e-15 6.900000000000001e-16 3.5299999999999997e-16 0.002 2.28 undef 0.0 BackB05
P01728 160.311 107.695 3.69e-17 2.6200000000000002e-17 1.6899999999999998e-17 -0.001 -0.98 undef 0.0 BackB05
P10187 160.445 105.551 6.85e-17 4.7799999999999995e-17 2.9899999999999997e-17 0.001 2.02 undef 0.0 BackB05
P01624 160.339 106.619 2.89e-17 2.49e-17 1.68e-17 0.001 0.06 undef 0.0 BackB05
P00930 160.39 106.796 1.18e-15 7.23e-16 3.16e-16 -0.0 -0.35 undef 0.0 BackB05
P01599 160.70600000000002 105.22399999999999 1.03e-15 5.8e-16 2.89e-16 0.001 2.15 undef 0.0 BackB05
P00703 160.655 105.816 2.58e-15 1.5e-15 7.0700000000000005e-16 0.002 1.56 undef 0.0 BackB05
P00925 160.714 105.551 6.48e-14 3.39e-14 1.4e-14 0.002 2.0 undef 0.0 BackB05
P09344 160.754 106.225 3.96e-16 2.31e-16 1.1899999999999999e-16 0.0 0.11 undef 0.0 BackB05
P05322 160.679 105.819 1.53e-16 1.0900000000000001e-16 5.3600000000000004e-17 0.001 1.62 undef 0.0 BackB05
P08661 160.783 106.116 1.46e-16 1.02e-16 4.81e-17 0.0 0.61 undef 0.0 BackB05
P01884 160.849 106.225 4.04e-16 2.56e-16 1.24e-16 -0.0 0.25 undef 0.0 BackB05
P10217 160.774 106.921 7.62e-15 3.2e-15 1.21e-15 -0.001 -1.04 undef 0.0 BackB05
P05541 160.709 105.426 3.1800000000000004e-16 1.71e-16 9.670000000000001e-17 0.001 1.92 undef 0.0 BackB05
P06622 160.923 105.949 3.86e-16 2.34e-16 1.29e-16 0.0 0.99 undef 0.0 BackB05
P09492 161.031 105.509 7.340000000000001e-17 5.08e-17 2.66e-17 0.001 1.53 undef 0.0 BackB05
P10289 161.053 105.887 2.22e-17 1.64e-17 1.13e-17 0.0 1.34 undef 50.697155605131066 BackB05
P04115 160.841 105.83200000000001 4.0299999999999997e-17 2.8600000000000005e-17 2.0100000000000002e-17 -0.001 1.4 undef 0.0 BackB05
P03222 160.937 107.898 2.2599999999999997e-16 1.46e-16 7.11e-17 -0.001 -1.6 undef 0.0 BackB05
P06897 160.882 106.111 4.71e-16 2.74e-16 1.42e-16 0.002 -0.04 undef 0.0 BackB05
P10298 160.909 106.22200000000001 3.22e-16 1.88e-16 9.559999999999999e-17 0.001 0.28 undef 0.0 BackB05
P08966 160.996 106.527 9.300000000000001e-16 4.58e-16 1.91e-16 0.001 -1.06 undef 0.0 BackB05
P01865 160.969 106.06200000000001 1.24e-17 1.18e-17 7.17e-18 0.001 0.85 undef 49.48285247686445 BackB05
P08863 160.922 106.066 3.86e-16 2.1099999999999998e-16 1.24e-16 0.001 -0.03 undef 0.0 BackB05
P02637 160.923 106.146 1.72e-15 1.02e-15 4.11e-16 0.0 0.02 undef 0.0 BackB05
P01492 161.056 105.447 2.36e-16 1.5100000000000001e-16 7.11e-17 0.0 1.41 undef 0.0 BackB05
P07199 161.015 105.885 1.04e-15 5.01e-16 2.42e-16 0.001 1.22 undef 0.0 BackB05
P05389 160.871 105.68799999999999 8.28e-17 5.46e-17 3.07e-17 -0.0 1.31 undef 0.0 BackB05
P05709 161.064 106.522 4.0099999999999996e-16 2.0499999999999998e-16 1.2e-16 0.002 -1.26 undef 0.0 BackB05
P04098 160.97299999999998 106.59299999999999 3.2599999999999997e-16 1.98e-16 1.05e-16 -0.0 -1.68 undef 0.0 BackB05
P02580 160.917 105.704 8.75e-16 5.96e-16 2.68e-16 -0.0 1.37 undef 0.0 BackB05
P08478 161.003 105.67 2.1e-15 1.22e-15 5.1e-16 0.001 1.12 undef 0.0 BackB05
P05524 160.907 105.969 1.57e-17 1.29e-17 9.23e-18 0.002 0.76 undef 49.80821917808219 BackB05
P07314 161.007 105.93299999999999 1.8899999999999996e-17 1.67e-17 1.1199999999999999e-17 0.0 -0.23 undef 51.38496325607689 BackB05
P05646 161.131 106.09899999999999 4.85e-16 2.64e-16 1.4299999999999998e-16 -0.001 0.13 undef 0.0 BackB05
P08335 161.149 106.01299999999999 9.550000000000001e-16 5.16e-16 2.78e-16 0.001 0.34 undef 0.0 BackB05
P03504 161.141 106.04899999999999 6.28e-16 3.7e-16 1.88e-16 0.0 0.25 undef 0.0 BackB05
P02363 161.132 105.98700000000001 1.09e-15 6.57e-16 2.83e-16 0.0 0.45 undef 0.0 BackB05
P07372 161.036 105.896 2.57e-16 1.32e-16 7.42e-17 0.001 0.8 undef 0.0 BackB05
P01614 161.091 105.99799999999999 3.28e-17 2.42e-17 1.4099999999999997e-17 0.001 0.09 undef 0.0 BackB05
P08213 160.955 105.837 1.99e-15 1.01e-15 4.78e-16 0.001 0.41 undef 0.0 BackB05
P03659 161.186 106.111 5.16e-16 2.79e-16 1.48e-16 0.001 -0.52 undef 0.0 BackB05
P01821 161.08700000000002 105.977 2.78e-17 2.7500000000000003e-17 1.52e-17 0.002 -0.3 undef 0.0 BackB05
P03881 161.083 106.01799999999999 7.79e-17 5.699999999999999e-17 3.3100000000000004e-17 0.001 0.17 undef 0.0 BackB05
P06461 161.164 106.227 2.63e-16 1.81e-16 8.4e-17 0.0 -1.33 undef 0.0 BackB05
P09814 161.187 106.073 7.21e-14 7.51e-14 6.81e-14 0.001 0.1 undef 18.996865203761754 BackB05
P09448 161.145 106.01899999999999 5.860000000000001e-16 3.8100000000000003e-16 1.5e-16 0.001 0.0 undef 0.0 BackB05
P07146 161.309 105.962 6.13e-16 3.09e-16 1.6599999999999999e-16 0.0 0.05 undef 0.0 BackB05
P08178 161.14 105.82799999999999 6.93e-17 5e-17 2.9899999999999997e-17 0.002 0.31 undef 0.0 BackB05
P09118 161.202 106.02 1.6600000000000002e-15 7.92e-16 4.08e-16 -0.0 -1.0 undef 0.0 BackB05
P09549 161.089 106.01899999999999 4.26e-15 2.31e-15 1.04e-15 -0.0 -0.21 undef 0.0 BackB05
P06310 161.236 106.20299999999999 5.949999999999999e-17 4.1600000000000007e-17 2.4100000000000003e-17 0.001 -0.91 undef 0.0 BackB05
P08387 161.144 105.90799999999999 1.57e-17 1.1400000000000001e-17 8.019999999999999e-18 -0.001 0.17 undef 49.699289229086936 BackB05
P06350 161.251 106.383 1.24e-13 1.01e-13 6.21e-14 0.0 -1.19 undef 0.0 BackB05
P07321 161.201 106.515 9.45e-14 5.93e-14 3.79e-14 0.002 -1.78 undef 0.0 BackB05
P03049 161.227 106.009 5.57e-14 3.16e-14 1.54e-14 0.001 0.15 undef 0.0 BackB05
P06187 161.126 106.073 1.7e-15 9.060000000000001e-16 4.39e-16 0.002 -0.99 undef 0.0 BackB05
P04051 161.16299999999998 105.94200000000001 4.21e-15 1.8100000000000002e-15 9.07e-16 0.001 -0.78 undef 0.0 BackB05
P08308 161.281 106.02600000000001 5.04e-14 2.56e-14 1.04e-14 -0.0 -0.6 undef 0.0 BackB05
P01334 161.322 105.89200000000001 8.4e-16 4.950000000000001e-16 2.79e-16 -0.001 -0.18 undef 0.0 BackB05
P00510 161.235 106.13600000000001 6.19e-16 3.35e-16 1.6899999999999999e-16 0.001 -0.87 undef 0.0 BackB05
P05753 161.252 106.045 2.98e-15 1.6100000000000001e-15 6.639999999999999e-16 -0.0 -0.94 undef 0.0 BackB05
P03887 161.175 105.88600000000001 1.64e-17 1.29e-17 8.63e-18 0.001 0.24 undef 49.48285247686445 BackB05
P09498 161.297 107.44 1.01e-13 6.06e-14 3.17e-14 0.001 -2.01 undef 0.0 BackB05
P07563 161.365 105.99600000000001 2.49e-16 1.37e-16 8.54e-17 0.001 -1.24 undef 0.0 BackB05
P03647 161.263 106.214 5.22e-14 3.21e-14 1.35e-14 0.002 -1.66 undef 0.0 BackB05
P10214 161.30100000000002 106.26799999999999 4.83e-16 2.7999999999999996e-16 1.56e-16 -0.0 -1.59 undef 0.0 BackB05
P09073 161.472 105.84 1.6100000000000001e-15 8.56e-16 4.0999999999999996e-16 -0.0 -0.84 undef 0.0 BackB05
P00913 161.255 105.74600000000001 5.9e-15 3.17e-15 1.31e-15 0.0 0.44 undef 0.0 BackB05
P02078 161.372 106.175 1.03e-16 7.340000000000001e-17 3.75e-17 -0.002 -1.75 undef 0.0 BackB05
P03238 161.132 105.66799999999999 5.08e-16 3.4500000000000003e-16 1.37e-16 0.001 0.13 undef 0.0 BackB05
P08354 161.365 106.59299999999999 8.2e-17 6.27e-17 2.81e-17 0.003 -2.08 undef 0.0 BackB05
P05258 161.364 105.262 3.36e-16 1.97e-16 9.66e-17 -0.0 0.5 undef 0.0 BackB05
P05990 161.328 107.07600000000001 3.35e-16 1.82e-16 9.83e-17 -0.001 -2.17 undef 0.0 BackB05
P03418 161.475 105.777 9.74e-16 5.76e-16 2.89e-16 0.001 -0.35 undef 0.0 BackB05
P03434 161.499 105.65 1.1899999999999999e-16 8.54e-17 4.4799999999999996e-17 0.001 -0.07 undef 0.0 BackB05
P04502 161.57399999999998 107.25 1.34e-15 6.410000000000001e-16 3.04e-16 0.002 -2.24 undef 0.0 BackB05
P03903 161.553 105.96700000000001 1.4e-15 7.860000000000001e-16 3.22e-16 0.001 -1.23 undef 0.0 BackB05
P07059 161.45600000000002 106.24799999999999 4.88e-14 7.4e-14 7.48e-14 0.0 -1.75 undef 19.502252735464488 BackB05
P06597 161.584 106.07700000000001 1.1199999999999999e-13 7.21e-14 3.93e-14 -0.001 -0.94 undef 0.0 BackB05
P01431 161.54399999999998 105.573 9.18e-14 6.76e-14 3.16e-14 -0.0 0.6 undef 0.0 BackB05
P07037 161.41 105.863 4.0999999999999996e-16 2.1299999999999999e-16 1.25e-16 0.001 -1.07 undef 0.0 BackB05
P02795 161.514 106.46600000000001 9.740000000000001e-17 6.590000000000001e-17 3.75e-17 0.001 -2.3 undef 0.0 BackB05
P00193 161.39700000000002 106.76299999999999 5.62e-14 3.32e-14 1.47e-14 0.002 -2.35 undef 0.0 BackB05
P07514 161.417 106.89399999999999 1.74e-16 1.1399999999999998e-16 5.949999999999999e-17 -0.001 -2.35 undef 0.0 BackB05
P01156 161.55100000000002 106.34100000000001 3.0099999999999996e-16 1.55e-16 8.71e-17 -0.001 -2.09 undef 0.0 BackB05
P02829 161.543 105.98700000000001 1.7300000000000001e-15 6.69e-16 3.67e-16 0.001 -0.97 undef 0.0 BackB05
P04083 161.661 106.369 5.14e-15 2.75e-15 1.04e-15 -0.0 -2.12 undef 0.0 BackB05
P09189 161.563 105.363 3.55e-15 1.6e-15 7.320000000000001e-16 -0.001 0.14 undef 0.0 BackB05
P01093 161.695 105.478 1.1400000000000002e-13 7.78e-14 4.6e-14 -0.0 -0.12 undef 0.0 BackB05
P08133 161.68200000000002 106.13600000000001 2.07e-14 4.11e-14 4.94e-14 0.0 -1.68 undef 0.0 BackB05
P06094 161.821 105.43799999999999 5.829999999999999e-17 4.31e-17 2.2399999999999998e-17 0.0 -0.33 undef 0.0 BackB05
P01896 161.886 106.01100000000001 4.35e-17 3.09e-17 1.7300000000000002e-17 0.001 -1.81 undef 0.0 BackB05
P05858 161.791 105.93299999999999 3.44e-16 2.25e-16 1.05e-16 -0.0 -1.49 undef 0.0 BackB05
P01352 161.72 106.155 1.65e-17 1.3699999999999998e-17 8.780000000000001e-18 0.001 -1.82 undef 50.92436974789916 BackB05
P01107 161.813 107.68700000000001 1.7600000000000002e-15 1.04e-15 5e-16 0.0 -2.69 undef 0.0 BackB05
P07624 161.722 106.48100000000001 6.76e-14 3.44e-14 1.51e-14 0.002 -2.5 undef 0.0 BackB05
P06089 161.87 106.156 3.57e-16 2.37e-16 1.2e-16 -0.001 -2.3 undef 0.0 BackB05
P04837 161.894 106.884 4.59e-17 3.6700000000000003e-17 2.42e-17 -0.0 -2.8 undef 0.0 BackB05
P08588 161.92 106.32600000000001 1.0800000000000002e-13 9.37e-14 5.08e-14 0.001 -1.97 undef 0.0 BackB05
P00366 161.995 105.902 6.26e-17 4.66e-17 2.7699999999999996e-17 0.001 -1.34 undef 0.0 BackB05
P00176 162.003 106.554 1.52e-17 1.3e-17 7.22e-18 -0.0 -2.63 undef 49.48285247686445 BackB05
P07412 162.05700000000002 106.325 7.690000000000001e-16 4.2599999999999997e-16 1.8000000000000002e-16 0.002 -2.33 undef 0.0 BackB05
P04402 162.338 106.82 4.64e-17 2.8000000000000005e-17 2.17e-17 0.001 -2.95 undef 0.0 BackB05
P00572 162.622 105.197 1.55e-16 1.11e-16 6.03e-17 -0.0 -0.93 undef 0.0 BackB05
P01505 162.713 107.305 3.4299999999999997e-15 1.87e-15 8.22e-16 0.002 -2.99 undef 0.0 BackB05
