Name Equatorial Polar BlueFlux GreenFlux RedFlux Parallax RadialVelocity Distance Periodicity Location
P01539 177.079 116.712 1.2799999999999998e-13 5.44e-14 2.88e-14 0.002 0.95 undef 0.0 BackC05
P03218 177.35299999999998 118.90100000000001 2.7999999999999998e-12 1.38e-12 5.36e-13 0.005 1.34 undef 0.0 BackC05
P06186 174.674 125.60799999999999 3.4299999999999997e-15 2.2399999999999997e-15 1.49e-15 0.008 1.43 125 0.0 BackC06
P09241 175.299 122.09899999999999 7.249999999999999e-12 7.42e-12 5.2899999999999995e-12 0.005 1.61 undef 0.0 BackC06
P05657 176.053 121.212 1.05e-17 1.3100000000000001e-17 1.61e-17 0.005 1.67 undef 0.0 BackC06
P03862 176.41099999999997 122.809 1.37e-14 8.83e-15 4.62e-15 0.004 1.54 undef 0.0 BackC06
P02254 177.928 125.21 2.3199999999999997e-16 2.29e-16 2.0699999999999999e-16 0.004 0.98 undef 0.0 BackC06
P08552 178.523 125.531 1.43e-14 9.829999999999999e-15 5.47e-15 0.005 0.81 undef 0.0 BackC06
P05744 179.63299999999998 122.74 1.21e-15 1.16e-15 8.0399999999999995e-16 0.005 1.22 undef 50.3601108033241 BackC06
P06621 181.386 118.912 5.53e-14 3.12e-14 1.47e-14 0.004 0.74 undef 0.0 BackD05
P03288 181.855 117.649 4.77e-14 2.71e-14 1.33e-14 0.005 0.23 undef 0.0 BackD05
P00126 182.705 118.87700000000001 2.58e-12 1.27e-12 5.15e-13 0.004 0.48 undef 0.0 BackD05
P00903 182.892 117.287 1.09e-14 6.01e-15 3.4e-15 0.005 -0.03 undef 0.0 BackD05
P03677 183.252 116.557 4.95e-17 5.679999999999999e-17 4.7100000000000004e-17 0.004 -0.2 undef 0.0 BackD05
P02478 183.65 115.238 4.1799999999999996e-12 4.03e-12 2.99e-12 0.004 -0.46 undef 0.0 BackD05
P01892 184.58599999999998 119.609 1.3e-16 1.45e-16 1.1399999999999998e-16 0.004 0.06 undef 0.0 BackD05
P00031 185.111 119.05 7.170000000000001e-17 8.040000000000001e-17 8.29e-17 0.004 -0.32 undef 0.0 BackD05
P09292 185.545 118.822 1.55e-12 2.99e-12 4.14e-12 0.005 -0.25 undef 0.0 BackD05
P02790 187.41400000000002 119.59 3e-15 2.2e-15 1.23e-15 0.005 -1.11 undef 0.0 BackD05
P09677 187.62400000000002 119.774 4.43e-15 2.94e-15 1.8100000000000002e-15 0.005 -1.17 undef 0.0 BackD05
P08682 189.394 119.959 1.9899999999999999e-13 9.18e-14 4.28e-14 0.004 -1.8 undef 0.0 BackD05
P05023 190.755 119.29899999999999 4.82e-16 4.3e-16 3.0800000000000003e-16 0.005 -2.0 undef 49.16170903190913 BackD05
P02565 191.516 119.133 1.73e-13 8.95e-14 4.41e-14 0.002 -2.33 undef 0.0 BackD05
P00421 193.919 119.861 7.67e-15 5.47e-15 2.8600000000000003e-15 0.003 -3.17 undef 0.0 BackD05
P00311 181.96400000000003 122.397 1.03e-14 4.7100000000000004e-15 2.8300000000000002e-15 0.004 0.87 undef 0.0 BackD06
P04197 182.114 121.694 1.3999999999999999e-12 3.39e-12 4.1e-12 0.006999999999999999 0.94 143 0.0 BackD06
P09739 182.655 122.36200000000001 4.519999999999999e-16 4.04e-16 2.7999999999999996e-16 0.005 0.8 undef 0.0 BackD06
P01509 182.794 126.556 4.91e-13 2.84e-13 1.15e-13 0.006 -0.09 167 0.0 BackD06
P03118 183.77200000000002 126.40799999999999 1.29e-15 1.15e-15 6.780000000000001e-16 0.003 -0.16 undef 49.80821917808219 BackD06
P01140 183.956 123.075 1.88e-13 9.93e-14 4.88e-14 0.006 0.08 167 0.0 BackD06
P04212 184.097 122.15700000000001 3.8e-14 2.42e-14 1.11e-14 0.006 0.65 167 0.0 BackD06
P02316 184.11 123.75399999999999 7.08e-16 5.26e-16 3.92e-16 0.005 -0.12 undef 48.94991922455574 BackD06
P00966 184.957 121.28 2.2799999999999996e-16 2.39e-16 2.08e-16 0.003 0.37 undef 0.0 BackD06
P00114 185.50799999999998 122.416 2.15e-17 3.06e-17 3.5100000000000006e-17 0.005 -0.11 undef 0.0 BackD06
P06408 185.938 120.294 2.73e-17 4.7799999999999995e-17 4.23e-17 0.004 -0.37 undef 0.0 BackD06
P02467 186.05 124.98899999999999 1.78e-16 2.15e-16 1.68e-16 0.006 -0.66 167 0.0 BackD06
P04709 186.356 121.728 5.07e-15 2.69e-15 1.6199999999999999e-15 0.003 -0.39 undef 0.0 BackD06
P05300 186.551 121.50299999999999 3.8600000000000004e-15 2.2899999999999997e-15 1.35e-15 0.002 -0.25 undef 0.0 BackD06
P00799 186.618 121.137 1.79e-15 1.46e-15 8.36e-16 0.005 -0.48 undef 0.0 BackD06
P04978 186.792 122.56299999999999 1.0599999999999999e-17 1.62e-17 2.54e-17 0.003 -0.78 undef 0.0 BackD06
P05457 187.011 121.63600000000001 4.1699999999999997e-16 3.7200000000000003e-16 2.58e-16 0.004 -0.89 undef 0.0 BackD06
P01656 187.02599999999998 121.682 1.7499999999999999e-13 8.67e-14 4.15e-14 0.004 -0.76 undef 0.0 BackD06
P07319 186.977 122.374 7.11e-16 5.88e-16 4.0099999999999996e-16 0.006 -0.88 167 49.05558553696708 BackD06
P08371 187.06599999999997 121.675 4.8899999999999996e-12 2.58e-12 1.33e-12 0.004 -0.98 undef 0.0 BackD06
P02878 187.213 120.44200000000001 6.59e-16 5.940000000000001e-16 4.66e-16 0.004 -0.79 undef 49.16170903190913 BackD06
P00899 187.082 121.803 1.23e-15 9.23e-16 6.55e-16 0.005 -1.2 undef 50.13789299503585 BackD06
P02786 187.3 121.333 7.61e-16 7.03e-16 4.96e-16 0.006 -1.15 167 50.24875621890547 BackD06
P08519 187.24400000000003 128.607 1.6200000000000002e-13 7.27e-14 2.67e-14 0.004 1.56 undef 0.0 BackD06
P06081 187.225 121.965 1.91e-14 1.08e-14 5.9e-15 0.006 -1.06 167 0.0 BackD06
P03110 187.16 124.044 2.11e-14 1.14e-14 6.71e-15 0.005 -0.99 undef 0.0 BackD06
P01995 187.49900000000002 121.48200000000001 7.58e-14 4.14e-14 1.61e-14 0.008 -1.22 125 0.0 BackD06
P03906 187.49400000000003 120.169 3.28e-17 4.44e-17 4.88e-17 0.004 -1.21 undef 0.0 BackD06
P05876 187.72099999999998 121.39 1.61e-14 9.6e-15 5.93e-15 0.006 -1.53 167 0.0 BackD06
P08013 187.942 120.836 7.01e-16 7.17e-16 4.54e-16 0.003 -1.67 undef 49.05558553696708 BackD06
P02364 187.908 121.49700000000001 2.84e-15 1.85e-15 1.3e-15 0.004 -1.83 undef 0.0 BackD06
P08748 188.44099999999997 121.71 1.78e-16 9.2e-17 4.07e-17 0.005 -2.03 undef 0.0 BackD06
P06607 188.476 121.148 2.91e-14 1.49e-14 6.73e-15 0.004 -1.82 undef 0.0 BackD06
P00460 188.614 120.851 1.56e-13 6.77e-14 3.35e-14 0.003 -2.14 undef 0.0 BackD06
P01346 188.838 122.414 1.9300000000000002e-15 2.0100000000000003e-15 9.88e-16 0.003 -1.92 undef 0.0 BackD06
P02810 188.93900000000002 120.68 2.56e-14 1.52e-14 7.74e-15 0.006 -2.14 167 0.0 BackD06
P03783 189.16099999999997 123.81700000000001 3.61e-14 1.85e-14 1.06e-14 0.004 -1.78 undef 0.0 BackD06
P04696 189.083 122.499 7.53e-12 5.009999999999999e-12 2.8499999999999998e-12 0.005 -2.09 undef 0.0 BackD06
P08301 189.22299999999998 123.09100000000001 2.1600000000000004e-13 1.06e-13 5.39e-14 0.004 -2.15 undef 0.0 BackD06
P06107 189.953 120.84 1.16e-15 9.14e-16 5.61e-16 0.004 -2.37 undef 50.13789299503585 BackD06
P05897 190.12099999999998 123.031 2.6e-14 1.37e-14 7.1e-15 0.004 -2.44 undef 0.0 BackD06
P09749 190.69400000000002 125.729 4.66e-14 2.43e-14 1.33e-14 0.005 -1.92 undef 0.0 BackD06
P00223 190.924 122.29700000000001 1.1199999999999999e-17 1.7499999999999998e-17 2.2500000000000002e-17 0.004 -2.73 undef 0.0 BackD06
P07107 190.87599999999998 123.931 8.959999999999999e-15 4.59e-15 2.9e-15 0.004 -2.39 undef 0.0 BackD06
P05628 191.17 124.456 5.6e-15 3.4299999999999997e-15 1.7600000000000002e-15 0.006 -2.36 167 0.0 BackD06
P07341 191.604 123.588 1.45e-15 1.24e-15 8.310000000000001e-16 0.006 -2.57 167 51.38496325607689 BackD06
P01726 192.049 121.494 1.54e-17 2.2e-17 2.6500000000000002e-17 0.003 -2.77 undef 0.0 BackD06
P02366 192.22799999999998 126.073 1.9e-15 1.58e-15 9.61e-16 0.005 -2.22 undef 50.47196002220989 BackD06
P09525 192.622 125.197 1.5399999999999997e-13 7.9e-14 3.49e-14 0.004 -2.45 undef 0.0 BackD06
P01598 193.50799999999998 120.148 1.03e-15 8.710000000000001e-16 5.84e-16 0.004 -2.81 undef 51.038742279618184 BackD06
P04282 194.02700000000002 123.279 1.84e-16 2.02e-16 1.81e-16 0.006 -3.16 167 0.0 BackD06
P10135 194.37599999999998 120.971 2.58e-15 2.1e-15 1.5099999999999999e-15 0.005 -2.87 undef 0.0 BackD06
P02418 196.87 119.9 6.53e-15 3.16e-15 2.35e-15 0.004 -3.11 undef 0.0 BackE05
P00113 200.41299999999998 119.742 7.76e-14 4.35e-14 2.13e-14 0.004 -3.54 undef 0.0 BackE05
P00588 202.69099999999997 118.448 2.45e-14 1.28e-14 6.2700000000000005e-15 0.003 -3.31 undef 0.0 BackE05
P02303 204.87599999999998 118.824 2.09e-14 1.45e-14 6.32e-15 0.006 1.14 167 0.0 BackE05
P02788 206.22 119.51100000000001 2.48e-12 1.21e-12 5.809999999999999e-13 0.004 -3.54 undef 0.0 BackE05
P01682 195.275 123.176 3.77e-14 2.43e-14 1.04e-14 0.004 -3.25 undef 0.0 BackE06
P03091 195.537 123.575 5.75e-15 4.25e-15 2.51e-15 0.006 -3.27 167 0.0 BackE06
P04739 196.30200000000002 121.473 1.2700000000000001e-13 8.35e-14 2.8e-14 0.006 -3.36 167 0.0 BackE06
P05362 196.796 123.626 6.7e-15 4.84e-15 2.75e-15 0.005 -3.41 undef 0.0 BackE06
P02288 197.078 120.536 2.05e-14 9.86e-15 5.37e-15 0.004 -3.29 undef 0.0 BackE06
P05975 200.394 128.503 1.88e-13 1e-13 3.59e-14 0.005 -3.27 undef 0.0 BackE06
P07578 201.75 123.00399999999999 3.55e-15 2.75e-15 1.31e-15 0.005 -3.74 undef 0.0 BackE06
P10348 201.87 125.35600000000001 7.09e-14 3.78e-14 1.97e-14 0.005 -3.76 undef 0.0 BackE06
