Name Equatorial Polar BlueFlux GreenFlux RedFlux Parallax RadialVelocity Distance Periodicity Location
P01297 306.828 41.487 5.33e-17 3.72e-17 2.32e-17 -0.0 1.55 undef 0.0 UpA05
P01240 306.648 41.263 1.13e-17 8.45e-18 6.24e-18 -0.001 2.08 undef 49.375339489407935 UpA05
P03371 307.755 41.455 3.35e-16 1.78e-16 9.6e-17 -0.001 0.99 undef 0.0 UpA05
P09635 307.52 41.221 1.89e-17 1.53e-17 9.64e-18 -0.001 1.89 undef 0.0 UpA05
P00753 307.614 41.289 5.45e-17 3.89e-17 2.26e-17 -0.0 1.79 undef 0.0 UpA05
P02495 307.659 41.253 4.8e-17 3.57e-17 2.21e-17 -0.001 2.06 undef 0.0 UpA05
P05808 308.05 41.253 7.58e-14 5.82e-14 2.7e-14 -0.001 1.26 undef 0.0 UpA05
P02376 307.883 41.039 4.65e-14 2.16e-14 1.07e-14 0.001 2.14 undef 0.0 UpA05
P00265 307.679 40.881 4.97e-14 2.49e-14 1.25e-14 0.001 2.06 undef 0.0 UpA05
P07693 308.502 41.083 1.58e-17 1.45e-17 1.03e-17 0.002 1.28 undef 50.81050866405813 UpA05
P06601 308.645 41.006 2.15e-17 1.88e-17 1.28e-17 -0.001 1.05 undef 0.0 UpA05
P04389 308.641 40.965 4.14e-16 2.29e-16 1.05e-16 0.002 1.53 undef 0.0 UpA05
P06669 308.15 40.918 5.25e-14 2.71e-14 1.17e-14 0.001 1.92 undef 0.0 UpA05
P03807 308.035 40.842 3.56e-17 2.75e-17 1.46e-17 0.001 1.76 undef 0.0 UpA05
P04990 308.445 41.019 2.73e-16 1.49e-16 8.34e-17 0.002 1.16 undef 0.0 UpA05
P07684 308.46 41.004 5.63e-14 2.51e-14 1.15e-14 -0.001 1.23 undef 0.0 UpA05
P09377 307.907 40.617 1.38e-17 1.17e-17 8.67e-18 0.001 1.24 undef 50.58430717863105 UpA05
P03816 307.612 40.451 3.17e-16 1.98e-16 9.62e-17 -0.0 1.1 undef 0.0 UpA05
P06542 309.039 40.594 3.87e-15 1.94e-15 8.93e-16 -0.001 -0.89 undef 0.0 UpA05
P08627 309.091 40.264 3.53e-14 4.56e-14 5.32e-14 0.0 -1.12 undef 19.773765499238632 UpA05
P02243 307.748 41.982 4.96e-15 1.28e-14 2.5e-14 -0.0 -0.11 undef 0.0 UpA06
P06169 309.271 41.476 4.73e-17 3.45e-17 1.84e-17 -0.0 -2.18 undef 0.0 UpA06
P05558 308.907 41.321 3.16e-16 1.66e-16 9.97e-17 0.002 -1.38 undef 0.0 UpA06
P06160 309.113 41.257 1.06e-15 6.38e-16 2.88e-16 -0.001 -2.0 undef 0.0 UpA06
P09665 308.611 41.136 3.5e-16 2.22e-16 1.09e-16 0.0 0.71 undef 0.0 UpA06
P03372 308.723 41.273 3.86e-16 2.27e-16 1.03e-16 0.0 -0.5 undef 0.0 UpA06
P00307 308.944 41.183 1.14e-17 7.29e-18 6.1e-18 -0.001 -1.36 undef 49.80821917808219 UpA06
P02604 309.697 41.415 7.03e-14 4.93e-14 2.35e-14 -0.001 -3.24 undef 0.0 UpA06
P03775 308.838 41.181 4.59e-15 2.05e-15 1.09e-15 0.001 -0.21 undef 0.0 UpA06
P02284 308.719 41.131 2.1e-17 1.12e-17 7.41e-18 0.0 0.86 undef 49.9176276771005 UpA06
P03499 309.243 41.249 6.21e-17 4.67e-17 2.94e-17 0.001 -2.32 undef 0.0 UpA06
P05659 308.972 41.135 7.03e-17 4.26e-17 2.41e-17 0.0 -1.2 undef 0.0 UpA06
P07215 308.882 41.09 1.62e-16 1.05e-16 5.17e-17 0.002 0.1 undef 0.0 UpA06
P06237 308.748 41.104 1.45e-16 9.26e-17 4.07e-17 0.001 0.28 undef 0.0 UpA06
P06601 308.636 41.069 2.14e-17 1.77e-17 1.26e-17 0.0 1.11 undef 0.0 UpA06
P05893 309.522 41.309 1.72e-17 1.19e-17 7.62e-18 0.001 -3.41 undef 50.24875621890547 UpA06
P09310 309.396 41.35 1.2e-15 5.62e-16 2.48e-16 -0.0 -3.07 undef 0.0 UpA06
P00323 309.475 41.267 6.32e-16 3.18e-16 1.84e-16 0.001 -3.17 undef 0.0 UpA06
P07907 309.061 41.131 6.85e-16 3.77e-16 2.16e-16 0.001 -0.99 undef 0.0 UpA06
P06344 308.659 41.069 2.18e-17 1.72e-17 1.1e-17 0.0 1.09 undef 0.0 UpA06
P03248 309.167 41.201 6e-16 3.41e-16 1.67e-16 0.001 -2.03 undef 0.0 UpA06
P02933 308.974 41.14 4.49e-17 3e-17 1.9e-17 -0.0 -0.41 undef 0.0 UpA06
P09262 309.027 41.155 4.75e-17 3.52e-17 2.08e-17 -0.0 -1.75 undef 0.0 UpA06
P09444 308.786 41.087 4.85e-17 3.18e-17 1.94e-17 0.0 -0.7 undef 0.0 UpA06
P09844 308.808 41.144 5.47e-17 3.88e-17 2.2e-17 0.001 -1.36 undef 0.0 UpA06
P05045 308.791 41.104 4.97e-17 3.26e-17 2.07e-17 0.0 0.63 undef 0.0 UpA06
P09842 309.374 41.146 7.99e-16 4.38e-16 2.02e-16 -0.0 -2.83 undef 0.0 UpA06
P01916 308.961 41.107 7.7e-17 4.45e-17 2.78e-17 0.001 -0.18 undef 0.0 UpA06
P06518 309.205 41.203 3.66e-16 1.96e-16 1.11e-16 0.001 -3.35 undef 0.0 UpA06
P01925 309.02 41.064 3.14e-17 2.55e-17 1.3e-17 0.001 -0.8 undef 0.0 UpA06
P00089 309.0 41.076 2.43e-16 1.63e-16 8.33e-17 -0.001 -2.08 undef 0.0 UpA06
P03958 309.084 41.099 1.61e-15 8.61e-16 3.49e-16 -0.0 -1.62 undef 0.0 UpA06
P08161 309.108 40.99 1.25e-15 6.25e-16 3.3e-16 -0.0 -0.54 undef 0.0 UpA06
P07331 309.15 41.116 6.29e-14 3.31e-14 1.73e-14 0.002 -2.43 undef 0.0 UpA06
P09528 308.931 41.086 4.58e-14 2.62e-14 1.21e-14 0.001 -1.62 undef 0.0 UpA06
P08115 309.133 41.077 2.91e-16 1.82e-16 1.07e-16 0.0 -2.39 undef 0.0 UpA06
P00745 308.972 41.033 1.31e-16 9.1e-17 4.94e-17 0.0 -0.52 undef 0.0 UpA06
P01067 309.128 41.061 1.23e-17 1.05e-17 7.67e-18 0.002 -1.81 undef 49.9176276771005 UpA06
P01125 308.87 41.099 6.06e-17 3.84e-17 2.55e-17 0.002 -1.92 undef 0.0 UpA06
P09631 308.9 41.009 3.41e-17 3.03e-17 1.57e-17 0.004 -1.29 undef 0.0 UpA06
P10096 308.959 41.018 8.82e-17 5.1e-17 3.28e-17 -0.0 -1.71 undef 0.0 UpA06
P00623 308.979 41.004 4.06e-17 2.98e-17 1.66e-17 0.0 -0.43 undef 0.0 UpA06
P03462 308.98 41.044 1.45e-15 7.01e-16 2.79e-16 0.001 -1.19 undef 0.0 UpA06
P02025 309.141 41.052 4.23e-17 3.14e-17 2.08e-17 0.001 -2.13 undef 0.0 UpA06
P03679 309.071 41.038 1.19e-15 6.29e-16 2.99e-16 0.001 -1.52 undef 0.0 UpA06
P06143 308.99 40.979 5.69e-17 4.08e-17 2.09e-17 0.0 -1.06 undef 0.0 UpA06
P02097 309.145 41.033 1.98e-16 1.39e-16 8.08e-17 0.001 -2.01 undef 0.0 UpA06
P08877 308.891 41.018 3.91e-17 2.73e-17 1.59e-17 0.001 -0.3 undef 0.0 UpA06
P08313 309.148 41.112 1.61e-17 1.39e-17 8.55e-18 0.0 -3.32 undef 49.699289229086936 UpA06
P08494 308.877 41.069 5.5e-16 2.98e-16 1.66e-16 0.001 -1.48 undef 0.0 UpA06
P03596 308.955 41.006 1.23e-15 6.32e-16 3.2e-16 -0.001 -0.76 undef 0.0 UpA06
P04140 308.901 41.008 8.66e-14 5.54e-14 3.18e-14 0.002 0.04 undef 0.0 UpA06
P04664 309.101 41.008 7.54e-14 3.94e-14 2.14e-14 -0.0 -1.46 undef 0.0 UpA06
P00630 309.134 40.968 3.03e-17 1.96e-17 1.63e-17 0.001 -0.56 undef 0.0 UpA06
P05581 309.439 41.159 4.22e-17 2.71e-17 1.74e-17 0.001 -3.88 undef 0.0 UpA06
P09206 309.317 41.116 2.91e-17 2.34e-17 1.51e-17 0.002 -3.52 undef 0.0 UpA06
P08640 309.502 41.043 4.85e-17 3.94e-17 2.5e-17 0.001 -3.67 undef 0.0 UpA06
P09393 309.077 40.988 2.29e-16 1.25e-16 6.84e-17 -0.0 -2.23 undef 0.0 UpA06
P05219 309.558 41.122 4.56e-17 3.07e-17 1.66e-17 0.001 -4.11 undef 0.0 UpA06
P07279 308.869 40.957 1.33e-16 9.24e-17 4.45e-17 0.001 0.04 undef 0.0 UpA06
P04331 309.136 40.958 1.28e-15 7.08e-16 3.47e-16 0.001 -1.69 undef 0.0 UpA06
P02740 310.2 41.225 3.72e-15 1.57e-15 7.32e-16 0.001 -4.34 undef 0.0 UpA06
P09931 308.954 40.987 2.63e-16 1.59e-16 8.71e-17 0.003 -1.34 undef 0.0 UpA06
P09174 309.37 40.995 7.65e-17 4.29e-17 2.31e-17 0.001 -2.93 undef 0.0 UpA06
P06916 309.433 41.022 2.25e-15 1.17e-15 4.49e-16 0.001 -3.44 undef 0.0 UpA06
P10073 309.028 40.911 8.47e-17 6.21e-17 3.22e-17 -0.001 -1.34 undef 0.0 UpA06
P01546 309.099 40.972 3.52e-16 2.27e-16 1.2e-16 -0.0 -0.89 undef 0.0 UpA06
P03282 309.389 41.055 6.59e-17 4.93e-17 3.16e-17 0.0 -3.78 undef 0.0 UpA06
P02998 309.955 41.099 3.45e-16 2.1e-16 1.11e-16 0.001 -4.36 undef 0.0 UpA06
P08291 309.979 41.225 2.47e-15 1.08e-15 4.57e-16 0.001 -4.47 undef 0.0 UpA06
P00414 309.401 41.021 3.1e-17 2.68e-17 1.56e-17 0.002 -3.46 undef 0.0 UpA06
P04841 309.552 41.052 3.61e-15 1.76e-15 7.77e-16 -0.001 -3.98 undef 0.0 UpA06
P09264 308.902 40.884 1.79e-16 1.02e-16 4.61e-17 0.001 -0.98 undef 0.0 UpA06
P00602 309.648 41.019 5.78e-14 6.34e-14 5.15e-14 -0.0 -3.75 undef 18.746133223345016 UpA06
P05211 309.746 40.966 3.67e-16 2.28e-16 1.23e-16 0.0 -4.1 undef 0.0 UpA06
P01568 311.707 41.48 3.62e-15 2.36e-15 1.02e-15 0.002 -4.44 undef 0.0 UpA06
P09162 309.925 41.099 3.77e-15 1.89e-15 7.52e-16 -0.0 -4.34 undef 0.0 UpA06
P07457 310.223 40.998 4.17e-17 2.78e-17 1.8e-17 -0.0 -4.5 undef 0.0 UpA06
P07260 309.737 40.804 5.58e-14 2.74e-14 1.7e-14 0.001 -3.27 undef 0.0 UpA06
