Name Equatorial Polar BlueFlux GreenFlux RedFlux Parallax RadialVelocity Distance Periodicity Location
P06494 312.142 17.918 8.33e-16 4.84e-16 2.53e-16 -0.0 0.69 undef 0.0 UpC04
P05603 317.252 19.126 1.74e-16 9.61e-17 6.44e-17 0.002 0.26 undef 0.0 UpC04
P09782 317.843 17.231 3.2e-17 2.3e-17 1.4e-17 0.0 0.64 undef 50.58430717863105 UpC04
P05123 321.337 17.028 2.93e-17 2.39e-17 1.43e-17 0.0 0.46 undef 0.0 UpC04
P01314 323.714 17.732 6.19e-14 2.6e-14 1.36e-14 0.002 -0.05 undef 0.0 UpC04
P09318 322.7 16.729 1.43e-13 1.07e-13 7.64e-14 -0.0 0.3 undef 0.0 UpC04
P09953 318.562 15.382 2.91e-16 1.79e-16 1.04e-16 -0.0 0.92 undef 0.0 UpC04
P07413 325.824 17.72 8.77e-17 6.55e-17 3.62e-17 -0.001 -0.51 undef 0.0 UpC04
P01878 323.13 16.675 2.76e-16 1.82e-16 9.56e-17 0.001 0.28 undef 0.0 UpC04
P03231 325.449 17.248 1.54e-15 7.63e-16 4e-16 0.001 -0.34 undef 0.0 UpC04
P03672 325.728 17.478 5.07e-16 2.96e-16 1.54e-16 -0.001 -0.52 undef 0.0 UpC04
P07581 323.144 16.003 5.24e-16 3.37e-16 1.72e-16 0.002 0.6 undef 0.0 UpC04
P00026 325.842 17.214 3.35e-17 2.61e-17 1.66e-17 0.0 -0.51 undef 0.0 UpC04
P10352 324.446 16.379 9.81e-17 7.19e-17 3.93e-17 -0.0 0.11 undef 0.0 UpC04
P00344 322.179 15.373 1.74e-16 1.26e-16 7.09e-17 -0.001 0.75 undef 0.0 UpC04
P00995 323.234 15.956 6.65e-16 3.48e-16 1.89e-16 0.0 0.6 undef 0.0 UpC04
P07367 325.458 16.437 6.97e-17 5.2e-17 3.23e-17 -0.0 -0.11 undef 0.0 UpC04
P02236 324.927 16.356 6.44e-15 3.75e-15 1.47e-15 -0.001 -0.09 undef 0.0 UpC04
P09678 323.819 15.972 1.29e-13 6.38e-14 3.72e-14 0.002 0.28 undef 0.0 UpC04
P03016 326.24 16.756 1.06e-16 6.35e-17 3.78e-17 0.001 -0.47 undef 0.0 UpC04
P06035 320.439 14.607 1.97e-15 1.08e-15 4.71e-16 0.001 0.55 undef 0.0 UpC04
P00582 322.51 15.088 5.1e-17 3.42e-17 2.5e-17 -0.001 0.64 undef 0.0 UpC04
P01045 323.47 15.474 8.86e-16 4.97e-16 2.56e-16 0.003 0.66 undef 0.0 UpC04
P05996 323.029 15.127 7.51e-15 3.58e-15 1.53e-15 -0.0 0.65 undef 0.0 UpC04
P01117 327.618 16.954 5.32e-15 2.74e-15 1.06e-15 -0.002 -0.93 undef 0.0 UpC04
P07150 327.132 16.779 4e-17 2.56e-17 1.67e-17 0.001 -0.7 undef 0.0 UpC04
P08747 322.972 14.977 1.93e-16 1.19e-16 7.47e-17 0.002 0.61 undef 0.0 UpC04
P05263 325.294 15.649 1.05e-16 7.66e-17 4.3e-17 0.001 0.38 undef 0.0 UpC04
P05363 323.96 15.251 4.53e-17 3.35e-17 1.87e-17 0.001 0.52 undef 0.0 UpC04
P04927 325.555 15.823 3.31e-17 2.32e-17 1.81e-17 0.001 0.03 undef 50.02751788662631 UpC04
P02940 325.577 15.803 3.23e-16 1.83e-16 9.52e-17 0.001 0.12 undef 0.0 UpC04
P03694 326.081 15.92 2.11e-17 1.92e-17 1.14e-17 0.001 -0.11 undef 49.9176276771005 UpC04
P01585 323.6 14.985 6.05e-15 2.8e-15 1.33e-15 0.001 0.42 undef 0.0 UpC04
P07398 325.794 15.712 5.78e-14 3.16e-14 1.39e-14 0.002 0.25 undef 0.0 UpC04
P02609 325.993 15.792 4.49e-16 2.41e-16 1.42e-16 -0.001 -0.27 undef 0.0 UpC04
P10068 326.139 15.713 3.28e-17 2.28e-17 1.46e-17 0.001 -0.1 undef 51.61839863713799 UpC04
P01403 326.234 15.678 4.45e-17 2.89e-17 2.16e-17 -0.001 0.03 undef 0.0 UpC04
P10310 327.673 16.311 2.08e-16 1.22e-16 7.11e-17 0.0 -1.06 undef 0.0 UpC04
P00581 327.72 16.122 4.95e-17 3.78e-17 2.42e-17 0.001 -0.86 undef 0.0 UpC04
P03754 322.441 14.388 3.07e-17 2.48e-17 1.76e-17 -0.0 0.36 undef 51.61839863713799 UpC04
P00342 326.308 15.611 1.25e-17 1.01e-17 7.77e-18 -0.0 -0.04 undef 49.26829268292683 UpC04
P08535 327.171 16.066 2.66e-17 2.37e-17 1.42e-17 -0.001 -0.77 undef 51.73591348890153 UpC04
P05800 326.496 15.758 1.25e-13 8.34e-14 4.19e-14 0.001 -0.43 undef 0.0 UpC04
P04686 326.136 15.466 8.4e-14 4.78e-14 1.99e-14 0.001 0.13 undef 0.0 UpC04
P02763 325.948 15.522 4.39e-15 1.9e-15 1.04e-15 -0.001 0.12 undef 0.0 UpC04
P09179 327.808 16.295 2.11e-16 1.43e-16 6.92e-17 -0.001 -1.14 undef 0.0 UpC04
P06517 327.611 15.925 4.68e-15 2.51e-15 9.78e-16 -0.0 -0.89 undef 0.0 UpC04
P07889 325.565 15.272 1.41e-13 9.29e-14 5.01e-14 0.001 0.2 undef 0.0 UpC04
P09451 326.336 15.366 7.6e-14 8.98e-14 9.11e-14 0.0 0.06 undef 19.27072291710833 UpC04
P00086 325.906 15.389 2.78e-17 2.09e-17 1.46e-17 -0.0 0.04 undef 49.59083469721767 UpC04
P09523 326.489 15.651 1.4e-17 1.36e-17 8.27e-18 -0.0 -0.26 undef 50.24875621890547 UpC04
P00901 326.314 15.482 8.84e-16 4.81e-16 2.28e-16 0.002 -0.09 undef 0.0 UpC04
P01290 326.529 15.514 7.96e-17 5.37e-17 3.79e-17 -0.002 -0.12 undef 0.0 UpC04
P04315 327.239 15.86 2.78e-15 1.32e-15 7.54e-16 0.0 -0.92 undef 0.0 UpC04
P06803 326.079 15.41 1.34e-13 6.54e-14 3.58e-14 0.002 -0.08 undef 0.0 UpC04
P08420 325.21 15.004 1.83e-17 1.75e-17 1.13e-17 0.003 0.08 undef 49.9176276771005 UpC04
P01292 326.118 15.224 2.28e-17 1.74e-17 1.16e-17 0.001 -0.05 undef 49.699289229086936 UpC04
P07481 325.973 15.374 6.01e-15 2.88e-15 1.37e-15 0.003 -0.17 undef 0.0 UpC04
P03631 327.134 15.613 1.21e-13 6.44e-14 2.78e-14 0.002 -0.77 undef 0.0 UpC04
P07178 327.74 15.589 3.7e-15 1.99e-15 9.15e-16 0.0 -1.0 undef 0.0 UpC04
P05913 327.115 15.514 1.66e-15 8.44e-16 4.41e-16 0.001 -0.54 undef 0.0 UpC04
P03454 326.628 15.429 3.2e-15 1.92e-15 7.12e-16 0.002 -0.7 undef 0.0 UpC04
P06491 326.726 15.707 1.48e-13 1.33e-13 8.14e-14 -0.002 -0.92 undef 0.0 UpC04
P00968 327.552 15.712 7.96e-15 4.03e-15 1.59e-15 0.0 -1.03 undef 0.0 UpC04
P08908 326.295 15.42 8.61e-17 6.55e-17 3.69e-17 -0.0 -0.4 undef 0.0 UpC04
P02941 326.927 15.398 1.51e-17 1.79e-17 1.17e-17 0.0 -0.51 undef 49.80821917808219 UpC04
P03840 326.315 15.102 9.01e-17 5.94e-17 3.67e-17 0.001 -0.16 undef 0.0 UpC04
P10138 327.12 15.556 5.03e-15 2.66e-15 1.04e-15 0.001 -0.94 undef 0.0 UpC04
P09004 327.434 15.686 1.01e-15 6.08e-16 3.05e-16 0.0 -1.12 undef 0.0 UpC04
P07350 325.639 15.097 4.56e-17 3.2e-17 2.21e-17 0.0 -0.17 undef 0.0 UpC04
P01759 326.835 15.39 2.37e-15 1.23e-15 5.21e-16 -0.0 -0.41 undef 0.0 UpC04
P00010 328.109 15.708 6.16e-16 2.85e-16 1.69e-16 0.002 -1.24 undef 0.0 UpC04
P01415 329.419 16.292 1.14e-15 5.77e-16 2.99e-16 -0.001 -1.52 undef 0.0 UpC04
P04408 326.684 15.539 1.55e-17 1.4e-17 1.02e-17 0.001 -0.97 undef 49.48285247686445 UpC04
P10433 327.139 15.52 4.92e-16 2.92e-16 1.58e-16 0.001 -1.23 undef 0.0 UpC04
P06215 327.432 15.512 2.57e-17 2.28e-17 1.46e-17 -0.002 -1.27 undef 51.38496325607689 UpC04
P05958 329.075 16.351 2.36e-15 1.09e-15 6.28e-16 0.001 -1.52 undef 0.0 UpC04
P02055 328.015 15.571 4.18e-17 3.41e-17 2.16e-17 0.002 -1.21 undef 0.0 UpC04
P01579 328.07 15.798 7.39e-16 4.86e-16 2.23e-16 0.002 -1.35 undef 0.0 UpC04
P02756 329.592 16.294 5.03e-17 3.76e-17 2.64e-17 -0.0 -1.52 undef 0.0 UpC04
P07065 326.171 14.849 1.27e-15 5.9e-16 3.88e-16 0.001 -0.21 undef 0.0 UpC04
P10050 327.554 15.384 6.55e-14 3.13e-14 1.31e-14 0.002 -1.02 undef 0.0 UpC04
P05094 328.667 16.028 1.17e-13 7.38e-14 3.51e-14 -0.0 -1.54 undef 0.0 UpC04
P05215 328.584 16.057 1.5e-13 1.01e-13 5.44e-14 0.0 -1.53 undef 0.0 UpC04
P04324 327.477 15.365 4.03e-16 2.18e-16 1.21e-16 0.0 -1.4 undef 0.0 UpC04
P03425 329.208 15.809 2.7e-17 1.98e-17 1.22e-17 -0.0 -1.65 undef 50.02751788662631 UpC04
P04692 328.268 15.556 1.01e-15 4.48e-16 2.71e-16 0.001 -1.48 undef 0.0 UpC04
P02509 327.628 15.426 5.35e-15 1.59e-14 3.91e-14 -0.001 -1.33 undef 0.0 UpC04
P00047 328.399 15.682 9.34e-16 5.39e-16 2.44e-16 0.001 -1.59 undef 0.0 UpC04
P01574 327.036 15.03 1.55e-16 9.7e-17 6.15e-17 0.0 -0.81 undef 0.0 UpC04
P06856 328.19 15.515 1.79e-15 7.72e-16 4.22e-16 0.002 -1.52 undef 0.0 UpC04
P00386 328.222 15.562 1.46e-13 1.09e-13 8.17e-14 0.001 -1.58 undef 0.0 UpC04
P09080 328.551 15.453 3.38e-17 2.72e-17 1.71e-17 0.001 -1.66 undef 50.360110803324105 UpC04
P07845 327.714 15.066 6.58e-16 3.7e-16 2.13e-16 0.002 -1.04 undef 0.0 UpC04
P01651 329.838 15.775 4.21e-15 2.31e-15 1e-15 0.002 -1.83 undef 0.0 UpC04
P00488 328.752 15.25 8.05e-16 4.19e-16 2.46e-16 0.001 -1.65 undef 0.0 UpC04
P08942 328.654 15.174 1.05e-16 7.31e-17 4.18e-17 -0.0 -1.53 undef 0.0 UpC04
P07610 328.212 14.855 2.08e-17 1.75e-17 1.18e-17 0.002 -1.06 undef 49.80821917808219 UpC04
P07828 330.641 16.106 1.24e-16 7.68e-17 4.11e-17 -0.0 -1.91 undef 0.0 UpC04
P06172 325.891 13.824 1.59e-13 9.89e-14 6.19e-14 0.001 -0.36 undef 0.0 UpC04
P01562 330.702 15.942 1.91e-17 1.63e-17 1.03e-17 0.0 -1.98 undef 49.9176276771005 UpC04
P06874 329.988 15.472 9.08e-17 5.87e-17 3.91e-17 0.002 -1.9 undef 0.0 UpC04
P08782 329.094 14.936 8.14e-17 5.2e-17 3.04e-17 -0.0 -1.32 undef 0.0 UpC04
P06067 330.535 15.65 5.27e-15 2.43e-15 9.91e-16 0.001 -1.92 undef 0.0 UpC04
P00689 331.142 15.662 1.47e-16 1.09e-16 5.29e-17 0.0 -2.0 undef 0.0 UpC04
P08460 330.023 15.19 5.09e-16 2.39e-16 1.47e-16 0.002 -1.77 undef 0.0 UpC04
P05635 332.29 15.284 1.34e-16 8.71e-17 5.41e-17 0.001 -2.1 undef 0.0 UpC04
P06608 332.706 15.169 2.17e-16 1.43e-16 7.83e-17 0.001 -2.01 undef 0.0 UpC04
P09810 332.211 14.661 6.02e-15 2.61e-15 1.12e-15 0.001 -1.75 undef 0.0 UpC04
P09013 329.367 13.357 1.66e-17 1.5e-17 1.08e-17 0.001 -0.96 undef 49.9176276771005 UpC04
P05641 335.283 15.436 5.67e-17 4.47e-17 2.27e-17 0.001 -2.17 undef 0.0 UpC04
P08755 336.778 16.177 2.44e-15 1.38e-15 6.54e-16 0.002 -2.22 undef 0.0 UpC04
P04275 327.744 12.027 6.11e-17 4.71e-17 3e-17 -0.0 -0.71 undef 0.0 UpC04
P04257 335.76 15.262 5.28e-15 3.07e-15 1.27e-15 0.001 -2.18 undef 0.0 UpC04
P07604 323.646 10.415 2.74e-14 1.92e-14 1.04e-14 0.013 -0.79 77 0.0 UpC04
P05649 336.827 14.909 7.02e-17 5.2e-17 3.1e-17 0.002 -2.15 undef 0.0 UpC04
P09044 319.148 19.862 1.09e-13 5.26e-14 2.8e-14 -0.0 0.01 undef 0.0 UpC05
P07474 326.701 19.69 5.95e-14 3.04e-14 1.21e-14 0.002 -0.7 undef 0.0 UpC05
P08755 336.387 16.264 2.27e-15 1.35e-15 6.35e-16 0.001 -2.23 undef 0.0 UpC05
P04356 342.722 16.219 2.38e-15 1.36e-15 6.43e-16 0.001 -2.24 undef 0.0 UpC05
