name x y flux1 flux2 flux3 par rv
P01169  15.117  17.412 9.78e-15 6.43e-15 4.14e-15   0.005   -4.07
P08940  15.315  29.503 3.89e-15 2.81e-15 1.51e-15   0.004    1.18
P06679  15.340  19.128 1.64e-13 9.44e-14 4.70e-14   0.006   -3.99
P03644  15.582  16.341 1.63e-13 8.01e-14 3.89e-14   0.005   -3.94
P05995  15.768  15.429 2.23e-17 3.46e-17 3.78e-17   0.008   -3.81
P05134  16.124  27.523 2.71e-11 2.23e-11 1.54e-11   0.008   -2.76
P01771  16.789  17.928 5.36e-17 7.26e-17 7.36e-17   0.007   -3.66
P01017  17.805  29.929 3.70e-15 2.69e-15 1.48e-15   0.004    0.95
P06467  17.926  16.649 6.20e-16 5.67e-16 4.25e-16   0.006   -4.25
P09274  18.470  17.131 6.71e-16 6.05e-16 4.58e-16   0.005   -4.32
P00667  18.708  19.922 1.44e-11 1.36e-11 8.18e-12   0.006   -3.86
P02849  18.960  16.855 2.31e-14 1.35e-14 6.88e-15   0.004   -4.36
P00977  21.114  19.611 6.02e-12 3.58e-12 1.71e-12   0.006   -4.01
P03781  24.888  15.218 1.87e-14 1.31e-14 7.33e-15   0.010   -4.89
P03508  28.907  18.230 2.63e-14 1.44e-14 8.81e-15   0.006   -4.36
P09509  29.725  18.906 2.48e-16 2.40e-16 1.57e-16   0.003   -2.76
