name x y flux1 flux2 flux3 par rv
P04701 -29.958  35.776 2.17e-14 1.14e-14 5.43e-15   0.000   -4.25
P00905 -29.851  40.236 1.20e-12 6.50e-13 3.12e-13   0.004   -4.32
P02692 -29.779  40.133 2.53e-14 1.36e-14 6.21e-15   0.004   -4.34
P01839 -29.424  41.312 3.75e-14 1.88e-14 8.80e-15   0.003   -3.97
P08192 -29.082  42.566 5.12e-15 3.18e-15 1.67e-15   0.002   -3.85
P09473 -29.050  39.856 6.62e-17 6.98e-17 5.30e-17   0.003   -4.53
P04668 -28.342  37.180 7.79e-14 3.91e-14 1.72e-14   0.004   -4.80
P07453 -28.074  33.581 6.81e-15 3.92e-15 2.01e-15   0.002   -4.14
P05332 -25.836  33.365 1.91e-17 3.33e-17 4.47e-17   0.008   -0.11
P07368 -25.226  35.035 7.19e-16 5.36e-16 3.26e-16   0.003   -4.90
P06814 -24.473  40.464 3.46e-14 2.28e-14 1.26e-14   0.011   -2.03
P05070 -23.131  30.806 4.75e-15 3.20e-14 1.35e-13   0.001   -4.55
P08850 -21.675  34.552 4.21e-14 2.14e-14 1.01e-14   0.003   -4.95
P06862 -18.854  40.532 5.68e-15 3.36e-15 1.74e-15   0.003   -4.65
P10441 -18.478  37.821 7.45e-17 7.47e-17 5.88e-17   0.001   -4.93
