P00892 135.946 63.916 2.74e-13 1.44e-13 7.72e-14 0.01 0.30 100 0 0 BackA02
P02561 139.448 81.886 6.76e-17 9.27e-17 9.42e-17 0.006 0.35 167 0 0 BackA03
P04870 151.993 57.581 3.00e-15 2.74e-15 2.14e-15 0.012 -0.42 83 0 0 BackB01
P00751 159.044 46.563 3.99e-11 2.14e-11 9.65e-12 0.015 -0.77 67 0 0 BackB01
P10308 168.603 47.548 7.84e-14 5.42e-14 2.80e-14 0.014 -0.97 71 0 0 BackC01
P05946 169.199 132.49 2.49e-13 1.48e-13 5.84e-14 0.006 2.45 167 0 0 BackC06
P06186 174.674 125.608 3.43e-15 2.24e-15 1.49e-15 0.008 1.43 125 0 0 BackC06
P02675 181.443 50.62 2.61e-12 1.35e-12 5.85e-13 0.013 -1.22 77 0 0 BackD01
P08024 186.394 56.07 1.94e-14 1.43e-14 9.18e-15 0.014 -1.35 71 0 0 BackD01
P06577 186.931 45.496 2.60e-15 2.89e-15 2.30e-15 0.015 -0.75 67 0 0 BackD01
P02101 184.025 77.961 5.33e-16 5.18e-16 5.68e-16 0.01 -1.29 100 0 0 BackD03
P08869 188.81 83.046 8.69e-17 5.25e-17 2.85e-17 0.01 -1.39 100 0 0 BackD03
P04197 182.114 121.694 1.40e-12 3.39e-12 4.10e-12 0.007 0.94 143 0 0 BackD06
P01509 182.794 126.556 4.91e-13 2.84e-13 1.15e-13 0.006 -0.09 167 0 0 BackD06
P01140 183.956 123.075 1.88e-13 9.93e-14 4.88e-14 0.006 0.08 167 0 0 BackD06
P04212 184.097 122.157 3.80e-14 2.42e-14 1.11e-14 0.006 0.65 167 0 0 BackD06
P02467 186.05 124.989 1.78e-16 2.15e-16 1.68e-16 0.006 -0.66 167 0 0 BackD06
P07319 186.977 122.374 7.11e-16 5.88e-16 4.01e-16 0.006 -0.88 167 49.05558553696708 0.09989959445470789 BackD06
P02786 187.3 121.333 7.61e-16 7.03e-16 4.96e-16 0.006 -1.15 167 50.24875621890547 0.11012107000907972 BackD06
P06081 187.225 121.965 1.91e-14 1.08e-14 5.90e-15 0.006 -1.06 167 0 0 BackD06
P01995 187.499 121.482 7.58e-14 4.14e-14 1.61e-14 0.008 -1.22 125 0 0 BackD06
P05876 187.721 121.39 1.61e-14 9.60e-15 5.93e-15 0.006 -1.53 167 0 0 BackD06
P02810 188.939 120.68 2.56e-14 1.52e-14 7.74e-15 0.006 -2.14 167 0 0 BackD06
P05628 191.17 124.456 5.60e-15 3.43e-15 1.76e-15 0.006 -2.36 167 0 0 BackD06
P07341 191.604 123.588 1.45e-15 1.24e-15 8.31e-16 0.006 -2.57 167 51.38496325607689 0.1245380267979468 BackD06
P04282 194.027 123.279 1.84e-16 2.02e-16 1.81e-16 0.006 -3.16 167 0 0 BackD06
P09352 203.256 69.758 2.34e-13 1.26e-13 6.90e-14 0.011 -1.77 91 0 0 BackE02
P01836 205.074 63.02 1.90e-11 9.77e-12 4.70e-12 0.011 -1.75 91 0 0 BackE02
P03952 196.381 86.966 2.33e-13 1.05e-13 5.93e-14 0.007 1.90 143 0 0 BackE03
P08737 207.29 89.514 5.78e-14 2.97e-14 1.62e-14 0.008 0.86 125 0 0 BackE03
P08946 204.817 90.081 4.15e-14 2.48e-14 9.58e-15 0.006 0.01 167 0 0 BackE04
P10147 207.399 92.15 1.62e-15 1.28e-15 8.12e-16 0.006 1.16 167 51.15362971299943 0.11579202601877356 BackE04
P02303 204.876 118.824 2.09e-14 1.45e-14 6.32e-15 0.006 1.14 167 0 0 BackE05
P03091 195.537 123.575 5.75e-15 4.25e-15 2.51e-15 0.006 -3.27 167 0 0 BackE06
P04739 196.302 121.473 1.27e-13 8.35e-14 2.80e-14 0.006 -3.36 167 0 0 BackE06
P10357 206.208 127.095 2.65e-14 1.28e-14 9.12e-15 0.006 -3.86 167 0 0 BackE06
P02999 209.137 124.261 3.00e-13 1.27e-13 6.42e-14 0.006 1.89 167 0 0 BackE06
P08111 214.625 49.375 1.81e-14 1.24e-14 7.68e-15 0.007 -1.36 143 0 0 BackF01
P08893 211.837 89.11 6.47e-15 4.60e-15 2.87e-15 0.007 0.18 143 0 0 BackF03
P09943 210.082 92.119 1.18e-15 1.03e-15 7.12e-16 0.007 0.33 143 49.26829268292683 0.11905942197629459 BackF04
P09632 211.076 93.546 2.60e-14 1.80e-14 8.23e-15 0.006 -0.17 167 0 0 BackF04
P09419 213.326 92.277 4.59e-16 4.31e-16 4.34e-16 0.01 -0.51 100 0 0 BackF04
P06943 216.214 95.404 2.51e-14 1.66e-14 8.35e-15 0.007 0.45 143 0 0 BackF04
P06213 216.301 95.298 3.33e-13 1.90e-13 7.49e-14 0.006 -0.84 167 0 0 BackF04
P00827 216.156 92.426 4.07e-13 2.20e-13 8.12e-14 0.006 0.46 167 0 0 BackF04
P04108 217.296 96.957 2.84e-17 4.13e-17 4.38e-17 0.007 -0.04 143 0 0 BackF04
P04371 217.189 92.592 3.33e-12 1.91e-12 8.60e-13 0.006 0.30 167 0 0 BackF04
P06137 217.312 93.415 5.46e-13 3.10e-13 1.21e-13 0.006 -0.16 167 0 0 BackF04
P03658 218.211 93.945 1.49e-13 6.97e-14 3.24e-14 0.007 0.15 143 0 0 BackF04
P01080 218.492 95.917 8.20e-17 4.44e-17 1.91e-17 0.006 0.05 167 0 0 BackF04
P08793 218.429 96.429 2.06e-14 1.11e-14 7.18e-15 0.006 -0.02 167 0 0 BackF04
P00354 218.648 96.703 4.23e-17 5.32e-17 5.69e-17 0.007 -0.02 143 0 0 BackF04
P05277 219.273 93.902 2.62e-13 1.24e-13 6.53e-14 0.007 -1.00 143 0 0 BackF04
P04333 219.419 95.62 9.65e-17 1.27e-16 1.38e-16 0.006 -0.55 167 0 0 BackF04
P08400 219.859 93.792 4.25e-13 1.97e-13 1.03e-13 0.006 -0.68 167 0 0 BackF04
P05142 219.759 92.122 7.71e-16 7.36e-16 5.35e-16 0.006 -0.38 167 48.949919224555735 0.11726278659282434 BackF04
P00124 220.301 95.406 1.13e-14 7.83e-15 4.36e-15 0.007 -0.93 143 0 0 BackF04
P04944 220.694 96.972 2.14e-16 2.43e-16 1.84e-16 0.007 -1.79 143 0 0 BackF04
P09518 220.955 95.829 1.14e-14 7.32e-15 4.68e-15 0.006 -1.79 167 0 0 BackF04
P07531 221.374 93.212 2.87e-14 1.82e-14 8.88e-15 0.006 -1.37 167 0 0 BackF04
P07275 221.394 98.041 7.37e-15 4.89e-15 3.23e-15 0.006 -2.07 167 0 0 BackF04
P09491 221.543 91.897 4.93e-17 7.24e-17 7.93e-17 0.006 -1.76 167 0 0 BackF04
P01100 221.561 95.422 7.73e-13 4.12e-13 1.76e-13 0.008 -2.22 125 0 0 BackF04
P02936 221.731 96.478 4.25e-15 3.08e-15 1.75e-15 0.006 -2.30 167 0 0 BackF04
P01701 221.802 95.998 1.04e-16 1.06e-16 1.16e-16 0.006 -2.01 167 0 0 BackF04
P04047 222.071 94.749 5.49e-16 6.02e-16 4.17e-16 0.006 -2.11 167 0 0 BackF04
P03500 222.038 96.386 2.52e-13 1.52e-13 5.65e-14 0.006 -2.37 167 0 0 BackF04
P04007 222.014 94.923 2.10e-14 1.36e-14 7.89e-15 0.007 -1.92 143 0 0 BackF04
P05095 222.28 96.062 7.60e-15 4.93e-15 2.89e-15 0.006 -2.49 167 0 0 BackF04
P01082 222.151 95.361 3.97e-12 1.93e-12 9.14e-13 0.006 -2.39 167 0 0 BackF04
P00984 222.277 96.222 7.27e-16 7.51e-16 4.57e-16 0.006 -2.94 167 48.635634028892454 0.14172376217187582 BackF04
P05245 222.425 96.499 2.39e-17 1.01e-17 4.25e-18 0.006 -2.65 167 0 0 BackF04
P09516 222.582 95.608 2.22e-16 2.48e-16 2.01e-16 0.006 -2.83 167 0 0 BackF04
P05705 222.554 95.846 3.19e-13 2.06e-13 6.84e-14 0.007 -3.05 143 0 0 BackF04
P07629 222.872 95.918 1.20e-13 5.51e-14 2.53e-14 0.007 -3.20 143 0 0 BackF04
P06500 222.828 93.495 1.70e-17 2.77e-17 3.39e-17 0.006 -3.04 167 0 0 BackF04
P10036 223.083 95.553 9.05e-12 8.40e-12 6.03e-12 0.007 -3.69 143 0 0 BackF04
P01217 223.2 95.623 3.01e-17 4.39e-17 4.67e-17 0.006 -3.08 167 0 0 BackF04
P04016 223.363 93.778 4.70e-13 2.38e-13 1.01e-13 0.006 -3.74 167 0 0 BackF04
P02349 223.501 98.169 9.18e-12 7.81e-12 5.76e-12 0.006 -3.67 167 0 0 BackF04
P02744 223.908 96.19 1.34e-15 1.06e-15 7.73e-16 0.007 -3.08 143 48.84470714669533 0.13644453570813214 BackF04
P02241 223.809 95.095 9.25e-12 9.23e-12 7.59e-12 0.006 -3.46 167 18.249347520578194 0.14300791488081216 BackF04
P01967 224.087 94.977 5.45e-15 3.92e-15 2.65e-15 0.007 -3.42 143 0 0 BackF04
P04004 223.921 94.354 1.30e-13 6.34e-14 3.41e-14 0.007 -2.79 143 0 0 BackF04
P02242 224.257 97.702 6.16e-16 5.75e-16 4.08e-16 0.006 -4.32 167 0 0 BackF04
P04733 224.21 96.586 1.44e-11 8.40e-12 5.35e-12 0.006 -3.66 167 0 0 BackF04
P07727 224.833 96.165 1.62e-16 2.22e-16 1.73e-16 0.006 -3.87 167 0 0 BackF04
P00151 312.753 135.022 2.46e-16 3.92e-16 4.37e-16 0.019 0.75 53 0 0 DownA01
P09686 308.294 135.307 2.24e-11 1.80e-11 1.14e-11 0.008 -2.56 125 0 0 DownA01
P06308 314.064 135.185 7.99e-12 4.04e-12 1.76e-12 0.025 0.76 40 0 0 DownA01
P02887 314.25 135.411 2.87e-14 2.20e-14 1.34e-14 0.017 0.29 59 0 0 DownA01
P04519 315.871 135.194 1.74e-15 1.60e-15 1.15e-15 0.009 -2.97 111 48.949919224555735 0.14714040234278172 DownA01
P02880 315.428 135.355 3.00e-14 2.07e-14 1.20e-14 0.011 0.02 91 0 0 DownA01
P06073 316.604 135.114 6.32e-16 8.51e-16 8.40e-16 0.019 0.41 53 0 0 DownA01
P00808 315.809 135.362 1.03e-12 5.98e-13 2.89e-13 0.022 0.58 45 0 0 DownA01
P02240 316.431 135.3 4.47e-16 6.23e-16 6.06e-16 0.016 0.22 62 0 0 DownA01
P04019 317.64 135.058 1.29e-12 6.52e-12 2.15e-11 0.021 0.57 48 0 0 DownA01
P07562 316.629 135.379 1.37e-15 1.36e-15 1.07e-15 0.009 0.00 111 0 0 DownA01
P03076 317.778 135.091 5.80e-11 2.88e-11 1.34e-11 0.021 0.47 48 0 0 DownA01
P04550 315.749 135.726 3.50e-15 3.65e-15 3.20e-15 0.021 0.75 48 0 0 DownA01
P09644 317.424 135.384 1.70e-13 1.15e-13 6.25e-14 0.021 0.55 48 0 0 DownA01
P08518 318.172 135.199 1.04e-10 5.36e-11 2.51e-11 0.027 0.15 37 0 0 DownA01
P05688 318.268 135.443 1.39e-12 7.52e-13 3.69e-13 0.022 0.24 45 0 0 DownA01
P05793 319.021 135.244 6.72e-13 3.92e-13 2.09e-13 0.025 0.08 40 0 0 DownA01
P04146 318.832 135.471 2.83e-15 3.06e-15 2.47e-15 0.02 0.04 50 0 0 DownA01
P00780 318.821 135.543 1.04e-13 6.15e-14 3.16e-14 0.01 -0.03 100 0 0 DownA01
P03208 318.994 135.672 2.82e-13 1.85e-13 9.84e-14 0.026 -0.05 38 0 0 DownA01
P03477 314.005 138.283 1.57e-13 9.97e-14 5.54e-14 0.016 0.17 62 0 0 DownA01
P04979 320.531 135.638 1.36e-15 6.53e-16 2.69e-16 0.019 -0.20 53 0 0 DownA01
P05326 321.763 135.548 4.43e-14 2.79e-14 1.47e-14 0.006 0.04 167 0 0 DownA01
P07439 321.592 135.856 1.20e-14 1.09e-14 7.54e-15 0.018 -0.28 56 49.48285247686445 0.09984150475002762 DownA01
P02952 321.558 136.287 3.79e-17 8.02e-17 1.20e-16 0.02 -0.61 50 0 0 DownA01
P01218 324.575 135.118 3.00e-17 2.81e-17 2.00e-17 0.018 -0.33 56 0 0 DownA01
P00804 325.53 135.289 5.27e-17 9.27e-17 1.18e-16 0.013 -0.12 77 0 0 DownA01
P06507 322.659 137.618 1.20e-13 6.96e-14 3.69e-14 0.012 -0.01 83 0 0 DownA01
P05057 325.206 135.939 1.13e-12 6.35e-13 3.21e-13 0.022 -0.82 45 0 0 DownA01
P10028 291.775 142.978 3.35e-14 2.10e-14 1.12e-14 0.01 -0.74 100 0 0 DownA03
P03926 235.632 145.19 6.22e-12 3.22e-12 1.86e-12 0.007 2.29 143 0 0 DownA05
P01437 326.615 135.107 8.48e-16 4.95e-16 2.25e-16 0.018 -0.53 56 0 0 DownB01
P04938 326.366 135.846 1.14e-13 6.06e-14 2.98e-14 0.007 1.12 143 0 0 DownB01
P02665 328.244 135.217 1.45e-12 7.44e-13 3.13e-13 0.012 -0.04 83 0 0 DownB01
P02037 326.717 136.916 3.42e-14 2.47e-14 1.55e-14 0.014 -0.25 71 0 0 DownB01
P02707 330.819 135.458 1.20e-13 7.99e-14 4.48e-14 0.02 -0.87 50 0 0 DownB01
P05055 322.415 145.211 1.56e-11 7.84e-12 3.52e-12 0.01 -1.44 100 0 0 DownB01
P08556 336.017 135.075 5.15e-17 1.12e-16 1.49e-16 0.021 -1.00 48 0 0 DownB01
P08229 334.88 138.466 5.09e-13 2.63e-13 1.11e-13 0.006 0.81 167 0 0 DownB01
P04119 340.21 135.276 1.35e-12 7.23e-13 3.14e-13 0.012 -0.05 83 0 0 DownB01
P01128 340.085 135.555 1.45e-16 7.46e-17 3.28e-17 0.021 -0.99 48 0 0 DownB01
P08223 340.781 136.125 9.45e-14 5.38e-14 2.60e-14 0.006 0.79 167 0 0 DownB01
P01544 276.87 160.696 9.40e-14 4.69e-14 2.63e-14 0.006 -2.86 167 0 0 DownB03
P03169 279.018 160.807 1.62e-17 2.59e-17 2.80e-17 0.006 -3.07 167 0 0 DownB03
P08315 292.828 162.488 3.46e-15 2.90e-15 1.80e-15 0.007 -3.05 143 0 0 DownB03
P08704 246.416 150.176 6.56e-15 4.39e-15 2.22e-15 0.006 1.63 167 0 0 DownB04
P04800 248.483 152.465 6.17e-12 3.07e-12 1.41e-12 0.007 1.69 143 0 0 DownB04
P10114 252.743 153.656 3.26e-14 1.59e-14 8.31e-15 0.006 0.96 167 0 0 DownB04
P05717 251.208 153.572 7.09e-12 4.88e-12 2.28e-12 0.006 1.28 167 0 0 DownB04
P04127 252.345 153.688 4.97e-16 5.31e-16 3.55e-16 0.006 1.11 167 48.428343100692594 0.12772681646244458 DownB04
P02062 253.566 154.021 6.83e-17 8.05e-17 7.77e-17 0.006 0.92 167 0 0 DownB04
P01003 250.915 153.843 5.64e-12 3.30e-12 1.53e-12 0.007 0.69 143 0 0 DownB04
P06837 254.072 154.267 7.67e-15 5.02e-15 2.99e-15 0.006 0.64 167 0 0 DownB04
P05748 259.002 154.87 2.89e-15 2.09e-15 1.35e-15 0.006 -0.71 167 0 0 DownB04
P10025 259.303 155.28 7.65e-16 5.98e-16 4.28e-16 0.006 -0.90 167 49.48285247686445 0.11913226346806441 DownB04
P08456 255.014 154.85 1.78e-13 8.04e-14 3.73e-14 0.006 0.50 167 0 0 DownB04
P10279 253.885 154.806 6.83e-16 6.59e-16 4.40e-16 0.006 0.56 167 48.84470714669533 0.14691860880655466 DownB04
P02435 257.758 155.152 1.03e-17 1.63e-17 2.05e-17 0.007 -0.80 143 0 0 DownB04
P08931 256.516 155.49 3.64e-12 1.59e-12 6.82e-13 0.007 -0.20 143 0 0 DownB04
P08771 266.471 155.758 4.22e-15 2.97e-15 1.69e-15 0.006 -2.46 167 0 0 DownB04
P03720 258.315 155.979 2.16e-15 1.77e-15 1.20e-15 0.006 -1.56 167 0 0 DownB04
P00398 255.469 155.672 2.46e-13 1.43e-13 5.85e-14 0.006 -0.34 167 0 0 DownB04
P10427 251.007 155.754 2.83e-17 3.83e-17 4.07e-17 0.007 0.24 143 0 0 DownB04
P06660 263.604 156.763 3.00e-17 5.13e-17 5.44e-17 0.006 -2.40 167 0 0 DownB04
P01364 257.821 157.269 4.10e-13 2.28e-13 9.57e-14 0.007 -1.03 143 0 0 DownB04
P06441 251.808 156.721 3.23e-15 2.24e-15 1.41e-15 0.006 -0.10 167 0 0 DownB04
P03628 252.811 156.894 9.80e-12 5.59e-12 2.47e-12 0.007 -0.37 143 0 0 DownB04
P02698 247.289 156.378 1.79e-14 1.13e-14 5.46e-15 0.008 0.19 125 0 0 DownB04
P06629 248.198 156.639 8.39e-17 9.49e-17 9.45e-17 0.006 0.00 167 0 0 DownB04
P08100 257.873 157.857 1.28e-17 7.65e-18 5.35e-18 0.007 -1.19 143 0 0 DownB04
P01356 269.742 158.717 1.74e-13 6.95e-13 1.76e-12 0.006 -2.82 167 0 0 DownB04
P07924 269.374 159.42 8.45e-12 4.80e-12 2.77e-12 0.006 -2.54 167 0 0 DownB04
P08435 238.101 157.272 1.11e-13 5.93e-14 3.48e-14 0.006 0.30 167 0 0 DownB04
P01251 235.823 161.01 1.61e-13 9.18e-14 4.36e-14 0.007 -0.06 143 0 0 DownB04
P06892 235.766 147.369 9.89e-12 7.24e-12 3.65e-12 0.006 2.20 167 0 0 DownB05
P08421 228.11 148.761 3.71e-17 5.97e-17 6.71e-17 0.007 1.71 143 0 0 DownB05
P05185 207.697 145.697 2.67e-17 2.89e-17 3.24e-17 0.006 -2.24 167 0 0 DownB06
P10094 201.311 140.434 7.25e-17 8.18e-17 8.25e-17 0.006 0.13 167 0 0 DownB06
P01936 335.742 146.949 3.48e-13 1.98e-13 9.74e-14 0.015 -1.18 67 0 0 DownC01
P04206 351.745 135.786 1.79e-14 1.20e-14 6.60e-15 0.007 0.19 143 0 0 DownC01
P06356 334.33 165.744 8.03e-15 6.58e-15 4.78e-15 0.015 0.04 67 49.80821917808219 0.12417234453372784 DownC03
P09590 202.123 154.321 1.07e-12 4.22e-13 2.38e-13 0.01 0.79 100 0 0 DownC05
P10233 197.005 139.477 2.94e-17 1.57e-17 9.40e-18 0.006 0.98 167 0 0 DownC06
P02529 197.747 141.84 1.03e-14 6.61e-15 3.78e-15 0.006 -1.25 167 0 0 DownC06
P03625 190.071 136.777 3.01e-13 1.66e-13 6.42e-14 0.006 -0.83 167 0 0 DownC06
P01617 6.108 144.588 4.75e-17 6.81e-17 7.38e-17 0.007 0.02 143 0 0 DownD01
P05784 316.555 85.079 7.33e-12 2.04e-11 3.72e-11 0.017 -3.79 59 0 0 FrontA03
P02153 315.589 134.809 2.16e-14 1.38e-14 9.87e-15 0.012 0.13 83 0 0 FrontA06
P03067 315.968 134.42 9.10e-14 6.03e-14 3.56e-14 0.016 0.17 62 0 0 FrontA06
P04876 316.456 134.636 1.29e-17 2.71e-17 3.17e-17 0.007 -3.09 143 0 0 FrontA06
P08099 316.355 130.298 1.73e-15 2.22e-15 2.03e-15 0.021 0.86 48 0 0 FrontA06
P02730 316.812 132.367 1.97e-12 1.25e-12 4.71e-13 0.022 0.81 45 0 0 FrontA06
P05557 318.688 131.137 1.23e-15 2.00e-15 1.70e-15 0.025 0.33 40 0 0 FrontA06
P08195 320.127 127.153 2.11e-16 3.42e-16 5.21e-16 0.027 0.30 37 0 0 FrontA06
P05110 320.243 130.86 2.92e-17 2.85e-17 2.46e-17 0.022 0.59 45 0 0 FrontA06
P01654 320.246 133.387 1.60e-15 2.17e-15 1.82e-15 0.019 0.44 53 0 0 FrontA06
P00549 320.995 133.518 3.43e-13 2.05e-13 1.22e-13 0.021 0.32 48 0 0 FrontA06
P08152 321.739 134.714 1.17e-10 6.45e-11 4.34e-11 0.022 0.05 45 0 0 FrontA06
P01661 321.915 134.416 1.92e-15 2.35e-15 2.34e-15 0.025 -0.02 40 0 0 FrontA06
P02652 323.717 134.397 7.69e-17 1.64e-16 2.21e-16 0.019 -0.55 53 0 0 FrontA06
P02875 323.68 130.171 8.04e-11 3.76e-11 2.03e-11 0.023 -0.14 43 0 0 FrontA06
P01847 324.712 134.447 1.17e-15 1.32e-15 1.32e-15 0.021 -0.52 48 0 0 FrontA06
P06643 325.736 133.274 4.95e-14 3.37e-14 1.89e-14 0.02 -0.36 50 0 0 FrontA06
P09207 326.099 134.339 2.76e-14 2.38e-14 1.48e-14 0.027 -0.35 37 49.05558553696708 0.13657054398919752 FrontA06
P09976 326.326 131.44 1.95e-14 1.42e-14 7.34e-15 0.008 1.36 125 0 0 FrontA06
P05413 327.223 130.508 6.55e-15 5.95e-15 4.63e-15 0.021 -0.73 48 0 0 FrontA06
P05741 327.567 132.937 9.63e-17 1.23e-16 1.06e-16 0.006 1.32 167 0 0 FrontA06
P02626 328.187 131.049 6.61e-17 1.28e-16 1.99e-16 0.021 -0.84 48 0 0 FrontA06
P09994 328.947 134.304 3.98e-15 5.09e-15 4.11e-15 0.023 -0.89 43 0 0 FrontA06
P07600 328.978 129.4 1.47e-16 2.34e-16 2.59e-16 0.016 -0.31 62 0 0 FrontA06
P08504 329.169 131.526 5.54e-16 8.68e-16 9.34e-16 0.018 -0.53 56 0 0 FrontA06
P07864 329.0 132.463 3.55e-16 3.28e-16 3.38e-16 0.009 -2.65 111 0 0 FrontA06
P04640 329.89 134.736 3.29e-12 1.43e-12 6.58e-13 0.019 -0.93 53 0 0 FrontA06
P00242 333.645 77.302 9.42e-17 1.58e-16 2.11e-16 0.014 -3.59 71 0 0 FrontB03
P03452 330.586 133.935 3.94e-17 6.78e-17 9.73e-17 0.018 -0.58 56 0 0 FrontB06
P01942 330.671 132.275 4.66e-12 2.02e-12 1.05e-12 0.024 -0.53 42 0 0 FrontB06
P07706 330.624 133.587 1.14e-11 5.48e-12 2.41e-12 0.026 -0.65 38 0 0 FrontB06
P07425 330.748 123.016 1.65e-13 1.02e-13 5.68e-14 0.022 -0.87 45 0 0 FrontB06
P01479 331.324 130.524 7.50e-17 1.51e-16 2.21e-16 0.029 -0.42 34 0 0 FrontB06
P03461 334.306 132.757 6.07e-11 5.95e-11 6.03e-11 0.016 -0.45 62 18.823773037896046 0.020858986483993647 FrontB06
P08200 335.557 134.083 1.68e-12 8.98e-13 3.99e-13 0.023 -0.97 43 0 0 FrontB06
P01875 337.064 130.269 1.49e-14 1.50e-14 1.21e-14 0.034 -0.52 29 0 0 FrontB06
P05945 337.297 124.066 3.09e-12 1.38e-12 5.78e-13 0.02 -0.97 50 0 0 FrontB06
P05712 339.494 132.863 7.15e-16 1.01e-15 6.27e-16 0.014 -0.25 71 0 0 FrontB06
P06134 340.142 133.683 5.11e-13 2.71e-13 1.11e-13 0.006 1.24 167 0 0 FrontB06
P09493 341.327 131.497 3.33e-14 2.47e-14 1.47e-14 0.019 -0.85 53 0 0 FrontB06
P04137 341.998 131.992 3.03e-13 2.03e-13 1.07e-13 0.023 -1.04 43 0 0 FrontB06
P09061 342.683 133.176 1.94e-12 1.38e-12 5.17e-13 0.015 -0.63 67 0 0 FrontB06
P07112 343.061 134.702 3.04e-16 4.26e-16 5.17e-16 0.029 -0.86 34 0 0 FrontB06
P01385 343.458 129.987 3.63e-16 3.82e-16 3.41e-16 0.006 1.65 167 0 0 FrontB06
P05735 343.536 134.281 9.07e-13 4.70e-13 2.21e-13 0.009 0.16 111 0 0 FrontB06
P00269 343.833 134.173 4.27e-15 3.13e-15 1.94e-15 0.006 0.99 167 0 0 FrontB06
P06567 343.926 130.8 5.63e-12 7.65e-12 8.37e-12 0.008 1.34 125 19.58629605688429 0.026856577682172665 FrontB06
P06090 345.034 126.742 6.77e-17 1.02e-16 1.42e-16 0.013 -0.24 77 0 0 FrontC06
P04846 346.45 134.332 1.32e-16 1.87e-16 1.53e-16 0.008 0.34 125 0 0 FrontC06
P03937 348.365 128.5 1.80e-14 1.27e-14 5.39e-15 0.006 1.46 167 0 0 FrontC06
P02110 348.628 133.003 4.06e-16 4.60e-16 4.18e-16 0.006 0.56 167 0 0 FrontC06
P09012 348.635 132.463 8.93e-14 5.32e-14 3.50e-14 0.014 -0.33 71 0 0 FrontC06
P08695 348.74 128.576 6.64e-17 8.10e-17 8.75e-17 0.006 1.40 167 0 0 FrontC06
P07191 349.958 127.686 1.29e-13 8.18e-14 3.03e-14 0.007 1.43 143 0 0 FrontC06
P00883 349.986 124.799 2.24e-14 1.67e-14 8.43e-15 0.006 1.57 167 0 0 FrontC06
P08238 350.748 127.875 3.41e-16 1.39e-16 6.44e-17 0.008 1.09 125 0 0 FrontC06
P04869 350.775 129.226 1.18e-10 7.49e-11 5.52e-11 0.019 -0.78 53 0 0 FrontC06
P04693 350.974 128.372 9.33e-14 4.40e-14 2.16e-14 0.007 0.69 143 0 0 FrontC06
P07359 350.907 125.096 1.09e-11 8.21e-12 7.19e-12 0.006 1.39 167 0 0 FrontC06
P01370 350.93 126.64 2.29e-13 1.28e-13 5.56e-14 0.008 1.22 125 0 0 FrontC06
P07613 351.073 128.028 5.17e-12 2.65e-12 1.27e-12 0.006 0.81 167 0 0 FrontC06
P09729 351.468 127.483 1.00e-14 6.84e-15 4.04e-15 0.007 0.84 143 0 0 FrontC06
P09531 351.954 129.641 2.49e-16 1.32e-16 6.27e-17 0.017 -0.54 59 0 0 FrontC06
P06777 352.185 131.268 6.19e-17 8.41e-17 7.74e-17 0.007 0.32 143 0 0 FrontC06
P08693 352.122 134.354 1.96e-16 8.01e-17 3.68e-17 0.006 0.19 167 0 0 FrontC06
P10282 352.171 124.373 5.69e-16 4.78e-16 3.51e-16 0.006 1.26 167 0 0 FrontC06
P03980 353.019 129.203 1.95e-13 9.68e-14 4.92e-14 0.006 0.24 167 0 0 FrontC06
P06077 353.842 127.83 2.41e-15 2.70e-15 2.32e-15 0.021 -0.94 48 0 0 FrontC06
P05234 353.98 125.907 3.52e-15 3.52e-15 1.79e-15 0.007 0.85 143 0 0 FrontC06
P08091 354.319 128.367 2.15e-14 1.37e-14 7.20e-15 0.006 0.23 167 0 0 FrontC06
P05374 354.879 130.242 5.93e-16 2.69e-16 1.36e-16 0.036 -0.65 28 0 0 FrontC06
P04430 356.144 131.139 1.46e-12 7.33e-13 3.53e-13 0.019 -0.67 53 0 0 FrontC06
P01997 0.466 128.178 1.08e-13 4.56e-14 2.29e-14 0.006 0.25 167 0 0 FrontD06
P02930 1.479 129.844 2.39e-15 3.46e-15 2.45e-15 0.025 -0.92 40 0 0 FrontD06
P04251 2.306 133.052 2.06e-16 9.88e-17 4.95e-17 0.009 0.36 111 0 0 FrontD06
P07018 3.834 132.354 4.66e-12 7.24e-12 5.98e-12 0.007 0.06 143 19.705181010188596 0.12323840284626575 FrontD06
P02624 4.19 134.645 2.51e-17 3.58e-17 3.90e-17 0.006 -0.01 167 0 0 FrontD06
P02601 4.31 131.73 7.44e-14 3.82e-14 1.59e-14 0.008 0.91 125 0 0 FrontD06
P07240 5.431 129.878 2.80e-16 3.72e-16 2.43e-16 0.006 0.17 167 0 0 FrontD06
P06787 11.331 125.245 1.63e-15 1.96e-15 1.75e-15 0.023 -0.69 43 0 0 FrontD06
P00316 15.356 124.533 8.39e-12 6.06e-12 4.31e-12 0.006 0.98 167 0 0 FrontE06
P08859 17.894 127.694 3.59e-14 2.77e-14 1.82e-14 0.017 -0.34 59 0 0 FrontE06
P06141 27.637 128.966 2.90e-13 1.98e-13 1.27e-13 0.025 -0.39 40 0 0 FrontE06
P03261 32.117 125.294 1.81e-15 2.00e-15 1.65e-15 0.015 0.40 67 0 0 FrontF06
P00164 41.369 124.589 2.60e-12 1.37e-12 5.77e-13 0.011 0.83 91 0 0 FrontF06
P04346 44.743 126.049 3.54e-14 2.28e-14 1.18e-14 0.01 1.14 100 0 0 FrontF06
P10227 231.528 60.734 1.05e-15 1.00e-15 8.10e-16 0.009 -2.11 111 0 0 LeftA02
P06745 237.168 62.147 5.88e-17 1.37e-16 2.15e-16 0.027 -0.59 37 0 0 LeftA02
P07794 225.022 96.554 2.66e-13 1.12e-13 6.41e-14 0.006 -4.57 167 0 0 LeftA04
P05736 225.932 96.547 9.61e-17 1.16e-16 1.02e-16 0.007 -4.90 143 0 0 LeftA04
P00375 226.216 95.864 5.19e-15 3.82e-15 2.29e-15 0.007 -3.98 143 0 0 LeftA04
P10383 226.809 97.027 6.15e-16 5.61e-16 4.74e-16 0.007 -4.40 143 48.84470714669533 0.14075378753403267 LeftA04
P03408 226.832 96.374 1.11e-17 2.02e-17 2.29e-17 0.006 -4.44 167 0 0 LeftA04
P02673 227.137 95.9 1.69e-14 1.28e-13 5.20e-13 0.006 -5.12 167 0 0 LeftA04
P04653 227.291 95.734 7.79e-12 4.36e-12 1.95e-12 0.006 -4.39 167 0 0 LeftA04
P02648 227.687 93.544 5.26e-16 5.33e-16 3.82e-16 0.009 -3.67 111 0 0 LeftA04
P04139 227.887 95.29 8.93e-17 1.26e-16 1.13e-16 0.006 -4.81 167 0 0 LeftA04
P05865 229.611 96.185 1.60e-15 1.58e-15 1.03e-15 0.007 -4.48 143 49.26829268292683 0.12298186286320291 LeftA04
P10469 230.068 98.328 4.84e-13 2.15e-13 1.07e-13 0.006 -5.48 167 0 0 LeftA04
P09813 230.401 97.718 1.97e-16 2.37e-16 1.91e-16 0.007 -4.10 143 0 0 LeftA04
P08685 232.653 95.978 1.19e-11 7.33e-12 4.49e-12 0.007 -5.80 143 0 0 LeftA04
P06942 233.132 93.41 3.93e-17 4.70e-17 4.83e-17 0.007 -5.92 143 0 0 LeftA04
P03376 237.682 95.608 1.50e-17 2.57e-17 3.03e-17 0.006 -6.06 167 0 0 LeftA04
P01735 235.868 108.613 7.18e-14 4.02e-14 2.83e-14 0.016 1.15 62 0 0 LeftA05
P05332 244.164 56.635 1.91e-17 3.33e-17 4.47e-17 0.008 -0.11 125 0 0 LeftB01
P06814 245.527 49.536 3.46e-14 2.28e-14 1.26e-14 0.011 -2.03 91 0 0 LeftB01
P05919 241.648 60.485 6.34e-14 3.54e-14 1.86e-14 0.006 -0.01 167 0 0 LeftB02
P08603 248.956 70.112 2.40e-17 1.20e-17 4.84e-18 0.006 0.17 167 0 0 LeftB02
P10001 251.567 63.016 7.89e-12 1.38e-11 1.59e-11 0.007 -0.24 143 0 0 LeftB02
P04596 253.849 63.527 3.96e-14 2.21e-14 1.11e-14 0.006 -0.67 167 0 0 LeftB02
P05196 252.441 75.161 1.99e-17 3.00e-17 3.76e-17 0.007 -2.44 143 0 0 LeftB03
P01801 243.553 97.218 7.69e-15 5.63e-15 3.13e-15 0.008 -6.14 125 0 0 LeftB04
P02514 246.334 98.48 4.26e-14 1.90e-14 9.47e-15 0.006 -0.79 167 0 0 LeftB04
P01360 246.457 97.566 6.82e-16 5.54e-16 4.22e-16 0.006 -1.28 167 48.949919224555735 0.13303926799557136 LeftB04
P08573 247.069 99.181 4.93e-17 5.69e-17 6.21e-17 0.007 -1.66 143 0 0 LeftB04
P03053 247.322 98.017 4.20e-14 2.57e-14 1.13e-14 0.007 -2.01 143 0 0 LeftB04
P00789 247.619 98.673 2.83e-12 3.96e-12 4.67e-12 0.006 -2.26 167 20.57957889970568 9.111573940736006 LeftB04
P01988 247.842 97.452 1.34e-13 6.98e-14 3.55e-14 0.006 -2.62 167 0 0 LeftB04
P10105 247.896 95.491 8.74e-12 7.08e-12 4.51e-12 0.006 -2.48 167 0 0 LeftB04
P05152 249.124 95.806 8.30e-17 9.40e-17 1.14e-16 0.006 -3.25 167 0 0 LeftB04
P02893 249.163 98.729 1.20e-15 1.03e-15 7.81e-16 0.006 -3.57 167 50.58430717863105 0.1536426274634874 LeftB04
P01467 249.827 99.533 4.64e-17 2.47e-17 1.12e-17 0.006 -4.55 167 0 0 LeftB04
P08805 249.854 92.383 1.10e-13 5.76e-14 2.28e-14 0.006 -0.15 167 0 0 LeftB04
P04242 250.895 96.589 2.67e-17 5.06e-17 6.17e-17 0.008 -5.95 125 0 0 LeftB04
P03675 252.075 95.099 1.77e-11 2.19e-11 2.22e-11 0.011 0.89 91 19.012758837063373 0.028496072128113926 LeftB04
P07270 252.688 97.628 6.35e-17 7.20e-17 6.97e-17 0.006 0.22 167 0 0 LeftB04
P08953 252.694 90.524 1.61e-16 1.89e-16 1.52e-16 0.007 -0.78 143 0 0 LeftB04
P04820 251.382 107.486 1.33e-13 6.55e-14 3.41e-14 0.006 0.06 167 0 0 LeftB05
P08214 254.263 124.127 8.15e-14 4.61e-14 2.74e-14 0.008 1.36 125 0 0 LeftB06
P03266 262.88 71.374 9.11e-15 6.30e-15 3.90e-15 0.006 0.14 167 0 0 LeftC02
P06376 265.812 68.379 1.39e-13 7.43e-14 4.01e-14 0.007 -0.46 143 0 0 LeftC02
P05587 267.677 70.2 5.61e-14 3.35e-13 1.34e-12 0.007 -0.40 143 0 0 LeftC02
P06325 268.556 72.515 2.22e-16 2.52e-16 1.99e-16 0.006 -0.24 167 0 0 LeftC02
P03569 269.593 72.691 5.84e-15 3.72e-15 2.40e-15 0.006 -0.15 167 0 0 LeftC02
P03241 269.543 70.86 9.18e-17 1.29e-16 1.33e-16 0.008 -1.11 125 0 0 LeftC02
P06445 258.166 89.862 7.46e-17 1.01e-16 1.09e-16 0.01 0.71 100 0 0 LeftC03
P08428 260.745 89.324 6.65e-14 3.83e-14 1.89e-14 0.008 0.34 125 0 0 LeftC03
P03262 261.499 89.648 1.28e-13 6.58e-14 2.91e-14 0.006 -2.77 167 0 0 LeftC03
P07256 262.111 89.2 1.25e-16 1.76e-16 1.66e-16 0.008 0.58 125 0 0 LeftC03
P08087 262.457 76.972 6.78e-16 5.10e-16 3.88e-16 0.006 -3.20 167 49.59083469721767 0.14702368137187682 LeftC03
P09309 262.842 77.485 5.52e-14 2.58e-14 1.29e-14 0.007 -3.22 143 0 0 LeftC03
P02270 263.081 78.628 2.13e-14 1.05e-14 6.44e-15 0.006 -2.41 167 0 0 LeftC03
P09910 263.181 88.23 4.29e-14 2.56e-14 1.13e-14 0.006 -0.95 167 0 0 LeftC03
P10012 263.304 86.314 1.41e-16 1.85e-16 1.78e-16 0.007 0.42 143 0 0 LeftC03
P07928 263.389 89.857 8.93e-16 7.06e-16 4.92e-16 0.006 -4.15 167 49.59083469721767 0.1487120531392086 LeftC03
P01034 263.596 82.574 2.13e-17 2.75e-17 3.44e-17 0.008 -0.09 125 0 0 LeftC03
P04317 263.992 87.245 1.29e-14 8.64e-15 5.48e-15 0.008 -0.01 125 0 0 LeftC03
P04504 264.115 89.251 7.08e-17 1.20e-16 1.40e-16 0.012 0.17 83 0 0 LeftC03
P04523 264.222 86.915 2.62e-14 1.52e-14 9.07e-15 0.008 -0.38 125 0 0 LeftC03
P01606 264.345 85.119 6.55e-14 3.80e-14 1.73e-14 0.006 -0.69 167 0 0 LeftC03
P02105 264.523 82.573 2.72e-17 3.79e-17 4.30e-17 0.006 -0.21 167 0 0 LeftC03
P06914 264.673 75.329 3.64e-16 3.54e-16 2.76e-16 0.006 -5.22 167 48.635634028892454 0.150299436099712 LeftC03
P05021 265.094 82.825 7.61e-12 4.65e-12 2.24e-12 0.007 -0.21 143 0 0 LeftC03
P06138 265.503 75.355 5.11e-16 4.84e-16 3.46e-16 0.006 -5.72 167 49.375339489407935 0.1024131630505034 LeftC03
P04749 265.698 87.733 1.07e-15 1.23e-15 9.61e-16 0.011 0.22 91 0 0 LeftC03
P06093 266.02 75.336 3.18e-15 2.45e-15 1.31e-15 0.006 -5.62 167 0 0 LeftC03
P08117 266.702 86.005 4.03e-16 2.05e-16 8.34e-17 0.007 -0.40 143 0 0 LeftC03
P02184 266.706 84.015 3.21e-14 2.08e-14 1.03e-14 0.007 -0.52 143 0 0 LeftC03
P00056 267.712 75.735 2.50e-16 3.12e-16 2.27e-16 0.007 -1.09 143 0 0 LeftC03
P06139 267.708 85.771 1.29e-16 1.58e-16 1.38e-16 0.007 -0.80 143 0 0 LeftC03
P06231 268.138 86.804 5.44e-17 7.60e-17 1.00e-16 0.01 0.28 100 0 0 LeftC03
P09495 268.173 88.726 4.40e-16 5.33e-16 5.89e-16 0.012 -0.91 83 0 0 LeftC03
P03368 268.231 86.105 1.50e-14 9.82e-15 6.09e-15 0.008 0.06 125 0 0 LeftC03
P02035 268.822 87.947 5.73e-14 3.99e-14 1.96e-14 0.012 -0.11 83 0 0 LeftC03
P02971 268.914 85.613 1.77e-13 8.62e-14 3.82e-14 0.006 -0.90 167 0 0 LeftC03
P05384 269.149 83.573 1.54e-16 1.86e-16 1.50e-16 0.006 -0.73 167 0 0 LeftC03
P07074 269.409 82.369 7.97e-15 5.64e-15 3.13e-15 0.006 -0.83 167 0 0 LeftC03
P02568 269.61 84.447 1.73e-13 9.63e-14 4.33e-14 0.007 -0.92 143 0 0 LeftC03
P00801 269.578 87.206 1.34e-11 6.64e-12 2.92e-12 0.01 0.14 100 0 0 LeftC03
P08007 269.729 89.065 1.06e-17 2.43e-17 4.10e-17 0.012 -0.59 83 0 0 LeftC03
P00266 269.975 83.985 4.68e-15 3.90e-15 2.09e-15 0.007 -0.95 143 0 0 LeftC03
P10396 255.267 93.107 2.91e-13 1.57e-13 9.84e-14 0.01 0.80 100 0 0 LeftC04
P10283 256.833 90.177 4.62e-14 2.95e-14 1.48e-14 0.008 0.14 125 0 0 LeftC04
P03122 257.066 92.558 3.25e-12 1.70e-12 9.58e-13 0.006 -0.23 167 0 0 LeftC04
P09637 258.995 93.946 8.24e-14 4.74e-14 2.33e-14 0.006 -4.96 167 0 0 LeftC04
P04487 259.896 91.397 2.83e-12 1.72e-12 7.17e-13 0.006 -0.87 167 0 0 LeftC04
P06773 261.108 90.939 1.15e-13 5.83e-14 2.94e-14 0.006 -1.65 167 0 0 LeftC04
P08147 261.267 90.164 2.37e-13 1.11e-13 5.11e-14 0.006 -2.34 167 0 0 LeftC04
P06515 261.462 91.514 1.06e-17 5.30e-18 2.39e-18 0.006 -1.79 167 0 0 LeftC04
P05811 261.71 99.266 2.20e-15 2.83e-15 2.20e-15 0.018 -0.20 56 0 0 LeftC04
P09392 261.847 91.525 4.91e-12 2.92e-12 1.38e-12 0.006 -2.78 167 0 0 LeftC04
P02140 262.889 93.947 6.24e-17 8.95e-17 1.24e-16 0.01 -0.98 100 0 0 LeftC04
P06884 263.248 90.917 2.46e-12 1.31e-12 5.62e-13 0.006 -3.92 167 0 0 LeftC04
P00239 263.936 90.782 4.73e-12 3.08e-12 1.50e-12 0.006 -3.83 167 0 0 LeftC04
P00672 264.449 96.932 1.60e-15 1.75e-15 1.53e-15 0.01 -0.87 100 0 0 LeftC04
P00999 264.334 94.467 6.37e-15 5.86e-15 4.64e-15 0.02 -0.18 50 0 0 LeftC04
P08598 267.875 95.857 3.05e-11 5.37e-11 6.28e-11 0.02 -0.05 50 0 0 LeftC04
P00002 268.117 99.236 8.76e-13 5.76e-13 2.64e-13 0.031 0.35 32 0 0 LeftC04
P01530 269.275 97.568 1.07e-12 5.48e-13 3.02e-13 0.017 -0.05 59 0 0 LeftC04
P07151 269.909 90.623 2.17e-15 1.71e-15 8.65e-16 0.007 -2.07 143 49.9176276771005 0.17864854126433377 LeftC04
P05906 264.666 117.279 8.13e-17 4.02e-17 1.58e-17 0.006 0.65 167 0 0 LeftC05
P00736 265.284 117.035 1.87e-15 1.51e-15 9.17e-16 0.006 0.59 167 0 0 LeftC05
P08841 266.66 119.674 1.60e-16 1.79e-16 1.43e-16 0.006 1.11 167 0 0 LeftC05
P04642 268.141 119.431 1.64e-14 9.84e-15 6.10e-15 0.007 1.21 143 0 0 LeftC05
P03736 257.019 126.61 6.73e-15 5.42e-15 2.90e-15 0.006 1.38 167 0 0 LeftC06
P01743 260.393 123.83 4.37e-17 5.36e-17 7.63e-17 0.007 1.39 143 0 0 LeftC06
P02774 263.822 128.095 7.00e-14 3.91e-14 2.50e-14 0.008 1.23 125 0 0 LeftC06
P07670 266.37 126.304 2.49e-13 1.05e-13 4.89e-14 0.006 1.08 167 0 0 LeftC06
P00396 269.149 123.219 3.23e-14 1.89e-14 1.15e-14 0.008 1.26 125 0 0 LeftC06
P01134 270.428 55.92 1.77e-17 3.13e-17 3.83e-17 0.008 -1.97 125 0 0 LeftD01
P00389 270.791 54.79 1.27e-15 1.12e-15 8.08e-16 0.006 -1.98 167 48.73994638069705 0.14592864372378353 LeftD01
P00855 280.253 46.958 1.61e-15 1.50e-15 1.14e-15 0.006 -1.70 167 48.84470714669533 0.14451802488019816 LeftD01
P08219 282.112 59.185 4.23e-12 2.24e-12 1.05e-12 0.006 0.44 167 0 0 LeftD01
P10314 270.63 74.256 3.37e-15 2.60e-15 1.76e-15 0.007 -0.19 143 0 0 LeftD02
P07878 270.723 72.584 1.87e-15 1.55e-15 1.09e-15 0.007 -0.40 143 49.48285247686445 0.14554417985839502 LeftD02
P02991 271.363 74.37 4.93e-17 7.07e-17 7.67e-17 0.009 -1.71 111 0 0 LeftD02
P00259 272.32 60.517 1.14e-15 1.13e-15 6.87e-16 0.008 0.17 125 48.84470714669533 0.09077357183655521 LeftD02
P00788 272.761 68.402 3.57e-17 5.65e-17 6.45e-17 0.008 -1.31 125 0 0 LeftD02
P04580 273.585 72.939 3.71e-16 4.10e-16 3.12e-16 0.006 -0.46 167 0 0 LeftD02
P05452 273.798 69.009 3.22e-12 7.35e-12 1.00e-11 0.008 -2.01 125 0 0 LeftD02
P06311 274.097 71.528 9.23e-12 5.51e-12 2.97e-12 0.007 -0.60 143 0 0 LeftD02
P01114 275.22 73.554 1.33e-13 6.10e-13 1.75e-12 0.007 -0.60 143 0 0 LeftD02
P07588 276.023 72.886 2.44e-15 2.09e-15 1.38e-15 0.006 -1.00 167 0 0 LeftD02
P02245 276.524 71.101 1.46e-14 9.29e-15 5.36e-15 0.006 -0.97 167 0 0 LeftD02
P00429 276.695 74.738 4.75e-14 2.96e-14 1.43e-14 0.006 -1.41 167 0 0 LeftD02
P01119 277.672 72.815 4.72e-15 3.43e-15 2.18e-15 0.006 -1.73 167 0 0 LeftD02
P09357 277.763 72.886 2.01e-13 1.10e-13 5.01e-14 0.006 -1.83 167 0 0 LeftD02
P10041 278.032 72.973 4.57e-13 2.42e-13 1.02e-13 0.006 -1.80 167 0 0 LeftD02
P05807 278.047 73.592 4.55e-16 4.74e-16 3.93e-16 0.006 -1.73 167 0 0 LeftD02
P06535 278.203 73.11 1.32e-14 8.65e-15 4.88e-15 0.007 -1.75 143 0 0 LeftD02
P00635 278.802 73.291 6.32e-15 4.59e-15 2.93e-15 0.007 -2.47 143 0 0 LeftD02
P09409 278.908 69.796 2.94e-15 2.25e-15 1.48e-15 0.008 -2.18 125 51.5014164305949 0.1501662298905044 LeftD02
P03786 279.024 72.387 5.98e-12 6.87e-12 6.08e-12 0.006 -2.32 167 18.933555509268903 0.09717928434321867 LeftD02
P06355 278.965 73.23 3.70e-13 1.67e-13 7.63e-14 0.006 -2.74 167 0 0 LeftD02
P06009 279.048 74.429 1.10e-16 1.35e-16 1.28e-16 0.006 -2.54 167 0 0 LeftD02
P02627 279.073 74.462 1.78e-12 3.86e-12 5.26e-12 0.007 -2.98 143 0 0 LeftD02
P06761 279.201 73.681 8.61e-12 8.18e-12 6.63e-12 0.006 -2.63 167 18.45685279187817 0.07031248395720956 LeftD02
P02572 279.191 73.682 1.90e-15 1.59e-15 1.01e-15 0.006 -2.97 167 50.69715560513106 0.1352444511523127 LeftD02
P08438 279.498 73.607 6.86e-15 5.07e-15 2.80e-15 0.007 -2.99 143 0 0 LeftD02
P00443 279.576 74.118 5.14e-16 4.59e-16 4.03e-16 0.006 -3.13 167 0 0 LeftD02
P00670 279.634 72.498 1.51e-14 8.98e-15 5.72e-15 0.008 -2.60 125 0 0 LeftD02
P06111 281.346 74.404 1.63e-12 3.09e-12 4.37e-12 0.006 -2.92 167 0 0 LeftD02
P01291 281.503 71.462 2.49e-15 1.85e-15 1.35e-15 0.007 -3.13 143 50.13789299503585 0.16368638449015882 LeftD02
P06099 282.7 62.991 1.39e-13 7.23e-14 3.39e-14 0.006 1.39 167 0 0 LeftD02
P01750 282.73 72.024 3.75e-15 2.97e-15 2.12e-15 0.006 -3.55 167 0 0 LeftD02
P08866 283.061 72.307 5.66e-16 5.63e-16 4.41e-16 0.006 -3.67 167 0 0 LeftD02
P08628 283.775 71.483 5.37e-15 3.97e-15 2.27e-15 0.007 -3.46 143 0 0 LeftD02
P00266 270.086 84.159 4.74e-15 3.92e-15 2.08e-15 0.006 -0.99 167 0 0 LeftD03
P10095 270.288 83.262 3.04e-14 1.98e-14 1.05e-14 0.01 -1.03 100 0 0 LeftD03
P01937 270.574 85.489 6.04e-16 6.38e-16 5.40e-16 0.007 -0.01 143 0 0 LeftD03
P10080 270.644 84.812 2.16e-14 1.42e-14 7.76e-15 0.006 -1.08 167 0 0 LeftD03
P03384 270.771 86.429 8.67e-15 5.77e-15 3.60e-15 0.006 -1.26 167 0 0 LeftD03
P01806 270.742 86.162 2.44e-11 1.21e-11 5.94e-12 0.01 -0.14 100 0 0 LeftD03
P09809 270.82 83.529 1.45e-14 9.47e-15 5.43e-15 0.006 -1.27 167 0 0 LeftD03
P00024 270.872 86.757 2.02e-15 1.63e-15 9.45e-16 0.006 -1.83 167 50.24875621890547 0.11902494515845624 LeftD03
P06798 271.006 83.562 1.40e-12 6.50e-13 2.76e-13 0.008 -0.22 125 0 0 LeftD03
P02408 270.998 75.149 7.05e-14 3.76e-14 1.83e-14 0.006 -0.69 167 0 0 LeftD03
P05802 271.138 82.174 5.89e-15 4.19e-15 2.60e-15 0.006 -1.60 167 0 0 LeftD03
P08298 271.176 85.646 1.85e-15 1.47e-15 9.86e-16 0.006 -1.37 167 50.027517886626306 0.14624970059901493 LeftD03
P03357 271.397 87.337 3.20e-14 1.72e-14 8.56e-15 0.006 -2.18 167 0 0 LeftD03
P05754 271.534 86.662 1.54e-11 8.31e-12 3.63e-12 0.01 -0.32 100 0 0 LeftD03
P08080 271.435 85.502 7.53e-17 1.23e-16 1.36e-16 0.01 -0.20 100 0 0 LeftD03
P02204 271.536 85.694 3.91e-13 1.93e-13 9.39e-14 0.009 -0.37 111 0 0 LeftD03
P04786 271.607 84.854 4.90e-16 5.17e-16 4.38e-16 0.01 -0.58 100 0 0 LeftD03
P01944 271.687 84.273 3.00e-16 3.34e-16 2.54e-16 0.006 -1.51 167 0 0 LeftD03
P03333 271.827 83.088 5.67e-16 6.21e-16 4.93e-16 0.006 -1.82 167 0 0 LeftD03
P06940 271.909 84.838 1.27e-16 1.63e-16 1.59e-16 0.009 -0.42 111 0 0 LeftD03
P06746 271.916 86.004 1.60e-11 9.75e-12 4.90e-12 0.011 -0.32 91 0 0 LeftD03
P05364 272.167 86.091 6.36e-16 6.37e-16 4.32e-16 0.007 -2.39 143 49.26829268292683 0.10600279894861571 LeftD03
P09589 272.19 80.088 8.55e-14 4.79e-14 2.31e-14 0.008 -1.98 125 0 0 LeftD03
P07547 272.265 80.429 9.03e-15 6.66e-15 3.69e-15 0.006 -1.90 167 0 0 LeftD03
P07490 272.25 82.62 1.21e-14 8.00e-15 5.22e-15 0.006 -2.00 167 0 0 LeftD03
P02799 272.167 86.223 1.64e-17 2.69e-17 3.30e-17 0.006 -2.38 167 0 0 LeftD03
P05924 272.185 86.133 5.74e-12 6.36e-12 6.52e-12 0.006 -2.61 167 19.238095238095237 0.03064040151772096 LeftD03
P07640 272.433 85.612 1.10e-11 8.00e-12 5.71e-12 0.006 -2.68 167 0 0 LeftD03
P04355 272.255 83.105 4.41e-12 2.07e-12 9.90e-13 0.007 -2.05 143 0 0 LeftD03
P02611 272.517 87.402 7.94e-15 5.71e-15 2.94e-15 0.006 -3.08 167 0 0 LeftD03
P09068 272.322 87.085 4.22e-12 2.17e-12 1.05e-12 0.007 -2.89 143 0 0 LeftD03
P08289 272.45 86.099 4.34e-14 2.64e-14 1.14e-14 0.006 -2.87 167 0 0 LeftD03
P04439 272.441 84.901 1.21e-13 6.55e-14 3.20e-14 0.008 -0.20 125 0 0 LeftD03
P00854 272.504 84.671 4.69e-15 3.15e-15 2.19e-15 0.007 -2.63 143 0 0 LeftD03
P01497 272.612 84.33 1.06e-17 1.95e-17 2.08e-17 0.006 -2.48 167 0 0 LeftD03
P01075 272.686 84.2 6.50e-17 8.47e-17 8.62e-17 0.007 -2.39 143 0 0 LeftD03
P05860 272.638 84.845 2.69e-17 3.93e-17 4.56e-17 0.006 -2.83 167 0 0 LeftD03
P04765 272.894 85.647 6.60e-14 3.18e-14 1.73e-14 0.006 -2.93 167 0 0 LeftD03
P00069 272.726 84.497 1.46e-16 1.87e-16 1.60e-16 0.007 -2.95 143 0 0 LeftD03
P01242 273.171 85.185 1.16e-17 1.84e-17 2.45e-17 0.006 -3.17 167 0 0 LeftD03
P09774 273.157 84.402 4.27e-14 2.46e-14 1.04e-14 0.006 -2.88 167 0 0 LeftD03
P04184 273.153 80.755 1.03e-11 6.33e-12 3.18e-12 0.006 -2.35 167 0 0 LeftD03
P01040 273.176 83.651 3.54e-15 2.41e-15 1.48e-15 0.006 -2.87 167 0 0 LeftD03
P07726 273.27 83.247 7.71e-16 6.75e-16 4.99e-16 0.007 -2.91 143 49.05558553696708 0.13657054398919752 LeftD03
P00750 273.444 84.62 2.49e-17 4.11e-17 4.87e-17 0.007 -2.91 143 0 0 LeftD03
P01250 273.523 86.436 1.31e-13 7.00e-14 3.85e-14 0.008 -3.49 125 0 0 LeftD03
P08368 273.58 84.241 5.65e-14 4.44e-14 2.04e-14 0.011 -0.42 91 0 0 LeftD03
P08921 273.548 87.122 2.11e-15 1.72e-15 1.03e-15 0.006 -2.95 167 51.38496325607689 0.14381090225351528 LeftD03
P05663 273.64 85.824 1.99e-17 3.79e-17 4.78e-17 0.008 -0.41 125 0 0 LeftD03
P04613 273.798 83.527 9.68e-14 5.40e-14 2.46e-14 0.006 -2.89 167 0 0 LeftD03
P09941 274.266 83.941 3.59e-17 2.21e-17 1.19e-17 0.006 -3.54 167 0 0 LeftD03
P09855 274.438 83.558 1.64e-17 3.22e-17 3.62e-17 0.008 -1.39 125 0 0 LeftD03
P06562 274.603 83.827 9.30e-13 4.31e-13 1.74e-13 0.008 -0.75 125 0 0 LeftD03
P04744 274.639 83.037 1.59e-17 2.67e-17 3.90e-17 0.007 -0.73 143 0 0 LeftD03
P09208 274.788 84.337 2.43e-14 1.79e-14 9.87e-15 0.01 -0.58 100 0 0 LeftD03
P00996 274.729 84.74 5.16e-14 2.90e-14 1.62e-14 0.008 -0.91 125 0 0 LeftD03
P02276 274.819 83.309 2.59e-15 2.02e-15 1.39e-15 0.01 -0.79 100 50.027517886626306 0.1131129262536658 LeftD03
P10101 274.982 85.941 1.06e-15 1.18e-15 9.30e-16 0.011 -1.37 91 0 0 LeftD03
P05295 274.903 85.166 5.54e-15 3.81e-15 2.29e-15 0.006 -3.33 167 0 0 LeftD03
P04806 275.067 83.218 7.26e-13 3.62e-13 1.43e-13 0.008 -1.75 125 0 0 LeftD03
P09768 275.016 75.169 1.02e-15 8.92e-16 6.44e-16 0.006 -2.31 167 0 0 LeftD03
P02842 275.096 86.852 6.84e-14 4.31e-14 2.38e-14 0.012 -1.50 83 0 0 LeftD03
P00254 275.119 82.566 3.63e-16 3.85e-16 3.08e-16 0.008 -1.63 125 0 0 LeftD03
P03898 275.228 75.844 1.05e-14 7.73e-15 4.43e-15 0.007 -2.40 143 0 0 LeftD03
P08338 275.287 84.125 5.66e-15 4.11e-15 2.92e-15 0.01 -0.84 100 51.5014164305949 0.15708431154184743 LeftD03
P08374 275.493 81.456 5.47e-13 2.90e-13 1.37e-13 0.008 -1.47 125 0 0 LeftD03
P09950 275.599 81.032 1.15e-16 1.21e-16 1.17e-16 0.008 -2.11 125 0 0 LeftD03
P02919 275.625 83.771 2.39e-14 1.64e-14 8.80e-15 0.009 -0.94 111 0 0 LeftD03
P04562 275.896 80.501 1.34e-13 7.11e-14 3.60e-14 0.009 -1.93 111 0 0 LeftD03
P03307 276.004 83.905 8.27e-16 1.02e-15 7.55e-16 0.009 -1.40 111 0 0 LeftD03
P06394 276.214 83.684 1.90e-11 1.14e-11 5.91e-12 0.009 -1.41 111 0 0 LeftD03
P09598 276.192 76.186 1.04e-13 5.64e-14 2.80e-14 0.006 -1.60 167 0 0 LeftD03
P09513 276.127 76.268 4.06e-13 2.10e-13 9.18e-14 0.006 -1.14 167 0 0 LeftD03
P01411 276.08 81.764 8.02e-16 7.58e-16 7.08e-16 0.006 -2.08 167 0 0 LeftD03
P04948 276.13 80.477 7.30e-14 3.67e-14 1.95e-14 0.006 -2.18 167 0 0 LeftD03
P00841 276.349 81.337 2.22e-15 1.96e-15 1.41e-15 0.009 -2.05 111 48.73994638069705 0.14343951747549372 LeftD03
P01935 276.301 81.081 2.84e-16 3.54e-16 3.01e-16 0.007 -1.89 143 0 0 LeftD03
P05675 276.478 82.051 1.17e-14 9.37e-15 5.85e-15 0.01 -1.53 100 0 0 LeftD03
P00852 276.398 84.907 3.95e-14 2.53e-14 1.27e-14 0.007 -3.99 143 0 0 LeftD03
P07732 276.409 85.208 1.50e-12 7.03e-13 2.85e-13 0.01 -1.75 100 0 0 LeftD03
P10220 276.422 82.58 2.08e-17 3.40e-17 4.97e-17 0.008 -1.93 125 0 0 LeftD03
P04928 276.481 83.289 2.36e-13 1.08e-13 5.39e-14 0.006 -3.90 167 0 0 LeftD03
P08455 276.453 85.135 3.87e-14 2.02e-14 1.12e-14 0.007 -3.93 143 0 0 LeftD03
P06654 276.532 82.418 1.49e-15 1.37e-15 9.42e-16 0.008 -1.53 125 0 0 LeftD03
P05099 276.633 82.633 1.54e-11 1.36e-11 1.04e-11 0.006 -2.10 167 0 0 LeftD03
P02109 276.647 82.496 6.19e-14 3.41e-14 1.78e-14 0.008 -1.76 125 0 0 LeftD03
P03611 276.868 83.885 1.15e-15 1.15e-15 8.11e-16 0.006 -3.74 167 49.375339489407935 0.147880109795251 LeftD03
P00653 276.871 80.36 5.89e-13 2.72e-13 1.36e-13 0.006 -3.04 167 0 0 LeftD03
P00104 276.88 83.988 2.79e-17 4.77e-17 5.68e-17 0.01 -1.42 100 0 0 LeftD03
P07452 277.06 80.518 2.40e-15 2.10e-15 1.36e-15 0.006 -3.00 167 50.58430717863105 0.10981767044469415 LeftD03
P08185 277.107 81.501 6.87e-17 3.41e-17 1.61e-17 0.01 -2.36 100 0 0 LeftD03
P07790 277.044 83.851 1.13e-15 1.07e-15 8.41e-16 0.008 -1.97 125 0 0 LeftD03
P08759 277.206 83.793 8.91e-13 3.10e-12 6.83e-12 0.008 -1.60 125 0 0 LeftD03
P06653 277.082 85.149 9.06e-12 4.84e-12 2.43e-12 0.01 -1.31 100 0 0 LeftD03
P09321 277.094 82.551 2.61e-14 1.76e-14 9.70e-15 0.009 -2.01 111 0 0 LeftD03
P01586 277.286 84.621 5.23e-15 4.78e-15 2.94e-15 0.007 -1.76 143 0 0 LeftD03
P07733 277.506 82.341 5.91e-13 3.17e-13 1.43e-13 0.01 -2.70 100 0 0 LeftD03
P03732 277.508 75.762 1.26e-16 1.42e-16 1.36e-16 0.006 -1.31 167 0 0 LeftD03
P05591 277.576 83.227 5.20e-14 3.23e-14 1.66e-14 0.01 -2.29 100 0 0 LeftD03
P05411 277.688 85.037 2.09e-13 1.17e-13 5.82e-14 0.011 -2.05 91 0 0 LeftD03
P02915 277.783 81.515 1.13e-13 6.05e-14 3.36e-14 0.009 -2.87 111 0 0 LeftD03
P04893 277.859 85.186 4.20e-17 7.21e-17 7.44e-17 0.009 -1.73 111 0 0 LeftD03
P01231 277.878 82.726 7.43e-14 4.38e-14 2.30e-14 0.007 -2.94 143 0 0 LeftD03
P04208 278.014 83.317 8.09e-13 3.75e-13 1.64e-13 0.009 -2.81 111 0 0 LeftD03
P01223 277.953 82.85 7.18e-14 4.42e-14 2.34e-14 0.009 -2.78 111 0 0 LeftD03
P02677 278.008 83.81 3.52e-13 1.71e-13 8.54e-14 0.008 -2.58 125 0 0 LeftD03
P00846 278.097 82.369 2.19e-14 1.30e-14 7.50e-15 0.008 -2.35 125 0 0 LeftD03
P06771 278.146 84.022 3.48e-17 5.23e-17 6.48e-17 0.01 -2.33 100 0 0 LeftD03
P05381 278.253 85.227 2.80e-13 1.40e-13 6.51e-14 0.007 -4.22 143 0 0 LeftD03
P00778 278.171 83.776 3.48e-15 2.90e-15 2.03e-15 0.009 -2.86 111 49.699289229086936 0.18769517663737495 LeftD03
P08595 278.355 80.219 7.29e-17 1.04e-16 1.12e-16 0.009 -3.44 111 0 0 LeftD03
P07533 278.405 75.939 3.22e-13 1.73e-13 6.30e-14 0.006 -2.18 167 0 0 LeftD03
P03854 278.356 82.6 2.08e-15 2.13e-15 1.31e-15 0.008 -3.13 125 48.73994638069705 0.12808714249608805 LeftD03
P08553 278.555 86.889 2.12e-13 1.16e-13 5.41e-14 0.007 -4.31 143 0 0 LeftD03
P01757 278.605 89.122 9.00e-17 1.25e-16 1.06e-16 0.008 -4.22 125 0 0 LeftD03
P04992 278.76 82.956 2.44e-17 3.93e-17 5.25e-17 0.01 -2.60 100 0 0 LeftD03
P02234 278.762 82.97 4.44e-13 2.45e-13 1.14e-13 0.009 -2.98 111 0 0 LeftD03
P09908 278.818 81.394 1.79e-15 1.74e-15 1.14e-15 0.007 -2.46 143 50.027517886626306 0.17727018928044597 LeftD03
P08679 279.204 86.297 2.80e-15 2.28e-15 1.62e-15 0.009 -2.75 111 49.9176276771005 0.13417737379483557 LeftD03
P06413 279.299 86.013 1.75e-14 1.33e-14 7.41e-15 0.011 -2.27 91 0 0 LeftD03
P02043 279.349 82.564 5.66e-13 2.95e-13 1.29e-13 0.007 -3.46 143 0 0 LeftD03
P00906 279.414 81.941 2.79e-16 3.00e-16 2.60e-16 0.006 -2.86 167 0 0 LeftD03
P04161 279.52 82.07 3.49e-14 2.20e-14 1.32e-14 0.007 -3.08 143 0 0 LeftD03
P07895 279.645 82.648 6.07e-14 3.24e-14 1.71e-14 0.008 -3.46 125 0 0 LeftD03
P01173 279.562 75.458 2.89e-15 2.10e-15 1.13e-15 0.006 -2.49 167 0 0 LeftD03
P07086 279.683 83.523 1.55e-16 1.83e-16 1.78e-16 0.01 -2.96 100 0 0 LeftD03
P08107 279.526 83.121 2.69e-11 1.85e-11 1.23e-11 0.009 -3.53 111 0 0 LeftD03
P07243 279.645 80.671 2.48e-16 1.06e-16 4.67e-17 0.006 -3.65 167 0 0 LeftD03
P06464 279.689 83.189 2.23e-15 2.06e-15 1.44e-15 0.01 -3.43 100 49.375339489407935 0.17086637368769128 LeftD03
P01518 280.287 81.286 3.63e-14 2.32e-14 1.06e-14 0.008 -2.95 125 0 0 LeftD03
P08714 280.257 85.227 1.02e-14 6.53e-15 5.19e-15 0.01 -2.68 100 0 0 LeftD03
P07340 280.38 89.839 1.09e-15 9.77e-16 6.55e-16 0.007 -4.31 143 50.13789299503585 0.15288217234268653 LeftD03
P08849 280.475 84.694 1.68e-16 8.55e-17 3.14e-17 0.008 -3.55 125 0 0 LeftD03
P08600 280.529 80.864 7.93e-14 5.55e-14 2.65e-14 0.008 -3.28 125 0 0 LeftD03
P06037 280.639 82.842 7.13e-16 8.03e-16 7.11e-16 0.009 -3.13 111 0 0 LeftD03
P05156 281.347 87.429 9.80e-12 7.19e-12 5.36e-12 0.006 -4.43 167 0 0 LeftD03
P01047 281.438 81.672 8.55e-14 5.21e-14 2.58e-14 0.01 -3.57 100 0 0 LeftD03
P04964 281.602 81.585 2.30e-17 1.19e-17 5.40e-18 0.007 -3.82 143 0 0 LeftD03
P05690 281.824 82.114 6.21e-13 3.10e-13 1.43e-13 0.009 -3.74 111 0 0 LeftD03
P04885 281.697 80.057 1.80e-14 1.15e-14 6.61e-15 0.009 -3.18 111 0 0 LeftD03
P07743 281.86 79.785 9.53e-17 1.17e-16 1.29e-16 0.008 -3.76 125 0 0 LeftD03
P01604 282.066 79.125 1.51e-11 8.19e-12 4.78e-12 0.007 -3.16 143 0 0 LeftD03
P09467 281.956 81.843 8.82e-15 5.63e-15 3.66e-15 0.008 -2.92 125 0 0 LeftD03
P05475 282.253 82.561 1.83e-14 1.37e-14 7.71e-15 0.009 -4.03 111 0 0 LeftD03
P05420 282.748 86.568 1.30e-14 9.73e-15 4.95e-15 0.006 -4.51 167 0 0 LeftD03
P05586 282.791 75.511 9.74e-15 6.26e-15 3.80e-15 0.006 -3.41 167 0 0 LeftD03
P08143 282.671 79.926 3.06e-17 6.05e-17 6.10e-17 0.006 -4.00 167 0 0 LeftD03
P02225 282.702 81.626 3.26e-17 5.44e-17 5.79e-17 0.007 -3.93 143 0 0 LeftD03
P06691 282.854 82.204 4.19e-16 4.83e-16 4.48e-16 0.01 -3.39 100 0 0 LeftD03
P02030 283.003 82.316 6.32e-15 5.03e-15 3.10e-15 0.011 -4.11 91 50.58430717863105 0.10952616002900131 LeftD03
P08445 282.973 79.52 2.09e-15 1.74e-15 1.17e-15 0.007 -3.10 143 49.699289229086936 0.12424364539299063 LeftD03
P09198 283.678 79.618 8.77e-13 4.73e-13 1.80e-13 0.006 -3.79 167 0 0 LeftD03
P06052 283.972 81.572 5.96e-17 1.01e-16 1.01e-16 0.011 -3.86 91 0 0 LeftD03
P04133 284.012 85.239 1.40e-12 5.59e-13 2.75e-13 0.009 -3.34 111 0 0 LeftD03
P07458 284.335 81.032 4.38e-13 2.33e-13 1.11e-13 0.01 -4.36 100 0 0 LeftD03
P07316 284.578 80.848 1.35e-13 8.36e-14 4.37e-14 0.013 -3.23 77 0 0 LeftD03
P05400 284.529 77.707 2.12e-15 1.85e-15 1.18e-15 0.006 -3.24 167 50.24875621890547 0.23584835077097563 LeftD03
P08252 284.764 80.52 2.18e-13 1.14e-13 5.73e-14 0.009 -4.38 111 0 0 LeftD03
P04177 284.956 81.942 9.03e-16 8.29e-16 7.42e-16 0.009 -4.09 111 0 0 LeftD03
P02297 270.5 101.9 1.09e-16 1.23e-16 1.17e-16 0.006 -2.80 167 0 0 LeftD04
P09520 271.751 91.551 3.65e-16 1.88e-16 7.65e-17 0.024 -1.42 42 0 0 LeftD04
P10347 273.881 103.044 6.19e-14 5.39e-14 2.82e-14 0.021 0.34 48 0 0 LeftD04
P04666 275.806 93.733 1.64e-13 8.55e-14 3.65e-14 0.006 -1.10 167 0 0 LeftD04
P03075 277.22 92.166 1.16e-16 1.24e-16 9.70e-17 0.006 -0.76 167 0 0 LeftD04
P10071 283.992 99.07 4.21e-17 5.19e-17 4.48e-17 0.006 -3.68 167 0 0 LeftD04
P05872 275.734 115.388 1.86e-12 2.53e-12 2.61e-12 0.006 -1.50 167 19.73941368078176 0.022283882918430555 LeftD05
P04188 277.89 119.52 2.44e-13 1.14e-13 5.61e-14 0.006 0.28 167 0 0 LeftD05
P05992 278.612 105.279 1.96e-14 1.86e-14 1.35e-14 0.033 0.57 30 0 0 LeftD05
P01593 278.764 109.708 3.05e-17 5.62e-17 5.20e-17 0.006 -2.65 167 0 0 LeftD05
P09636 280.287 111.36 3.96e-13 1.86e-13 8.49e-14 0.009 -0.94 111 0 0 LeftD05
P04895 280.317 108.861 6.46e-15 7.35e-15 5.23e-15 0.03 0.64 33 0 0 LeftD05
P03413 281.432 110.509 2.38e-15 2.77e-15 1.93e-15 0.012 -0.26 83 0 0 LeftD05
P08514 283.396 118.646 4.90e-17 2.74e-17 1.15e-17 0.007 0.12 143 0 0 LeftD05
P00856 284.142 112.422 1.35e-11 2.48e-11 3.49e-11 0.013 0.10 77 0 0 LeftD05
P08896 284.666 113.294 4.66e-11 3.71e-11 2.50e-11 0.012 -0.19 83 0 0 LeftD05
P09616 271.849 120.743 4.11e-16 3.81e-16 3.63e-16 0.007 1.13 143 0 0 LeftD06
P04411 272.549 121.221 2.41e-17 2.87e-17 3.48e-17 0.006 -1.16 167 0 0 LeftD06
P05317 274.529 121.602 6.10e-16 4.86e-16 4.64e-16 0.006 1.09 167 0 0 LeftD06
P01989 274.571 120.361 1.76e-15 1.38e-15 1.09e-15 0.007 1.02 143 50.360110803324105 0.1280997886275116 LeftD06
P00713 274.886 122.105 7.72e-17 1.12e-16 9.70e-17 0.006 1.06 167 0 0 LeftD06
P06658 275.477 131.737 7.26e-17 1.01e-16 1.35e-16 0.008 0.07 125 0 0 LeftD06
P08690 276.1 128.658 2.16e-16 2.43e-16 2.21e-16 0.007 -0.02 143 0 0 LeftD06
P08041 276.435 123.044 6.15e-14 3.78e-14 1.89e-14 0.007 0.91 143 0 0 LeftD06
P00157 276.472 122.998 1.99e-13 1.15e-13 4.06e-14 0.006 0.98 167 0 0 LeftD06
P09771 276.68 129.084 6.25e-15 4.44e-15 2.77e-15 0.007 0.12 143 0 0 LeftD06
P01718 276.944 124.735 1.02e-15 1.20e-15 9.27e-16 0.007 0.13 143 0 0 LeftD06
P02144 277.347 128.05 8.66e-12 4.12e-12 1.54e-12 0.008 0.11 125 0 0 LeftD06
P08325 278.568 124.203 6.17e-15 5.80e-15 2.50e-15 0.006 0.44 167 0 0 LeftD06
P04951 279.249 122.182 2.61e-16 3.10e-16 2.67e-16 0.006 0.61 167 0 0 LeftD06
P02583 279.47 127.503 3.33e-17 5.52e-17 7.35e-17 0.007 -0.06 143 0 0 LeftD06
P02809 279.79 124.893 1.24e-15 1.36e-15 8.62e-16 0.007 0.48 143 49.375339489407935 0.15492023193852544 LeftD06
P02666 280.34 121.451 1.02e-13 5.73e-14 2.90e-14 0.007 0.75 143 0 0 LeftD06
P08413 280.265 123.279 1.02e-11 5.86e-12 3.21e-12 0.006 0.62 167 0 0 LeftD06
P03111 281.384 122.886 1.45e-16 1.69e-16 1.42e-16 0.007 0.48 143 0 0 LeftD06
P09019 282.545 123.698 5.46e-15 3.97e-15 2.31e-15 0.009 -0.18 111 0 0 LeftD06
P07182 283.639 122.673 1.28e-13 6.39e-14 3.69e-14 0.009 -0.49 111 0 0 LeftD06
P01853 283.946 124.923 6.58e-13 2.75e-13 1.36e-13 0.007 -0.52 143 0 0 LeftD06
P05963 283.928 121.541 2.86e-17 4.79e-17 5.41e-17 0.007 0.13 143 0 0 LeftD06
P09659 284.161 124.368 2.49e-13 1.35e-13 6.09e-14 0.007 -0.21 143 0 0 LeftD06
P02843 284.317 123.627 2.31e-14 1.20e-14 8.06e-15 0.006 -0.43 167 0 0 LeftD06
P02710 284.217 129.163 1.40e-15 1.26e-15 1.13e-15 0.009 -0.73 111 48.635634028892454 0.10656364882882184 LeftD06
P08702 284.598 120.742 1.51e-16 1.97e-16 1.67e-16 0.007 -0.18 143 0 0 LeftD06
P00959 284.713 122.257 7.71e-14 4.70e-14 2.06e-14 0.007 -0.33 143 0 0 LeftD06
P08699 289.579 50.596 1.55e-15 1.35e-15 9.26e-16 0.006 -1.71 167 50.027517886626306 0.16144417522035842 LeftE01
P07817 291.329 56.889 4.02e-17 4.89e-17 4.58e-17 0.006 0.35 167 0 0 LeftE01
P03223 291.685 55.35 2.01e-16 1.90e-16 1.66e-16 0.006 -0.66 167 0 0 LeftE01
P01041 293.057 49.089 1.41e-16 1.63e-16 1.46e-16 0.006 -2.12 167 0 0 LeftE01
P02753 293.581 57.972 9.20e-17 1.08e-16 9.61e-17 0.006 0.05 167 0 0 LeftE01
P04132 293.679 56.297 9.77e-17 1.15e-16 9.52e-17 0.006 -0.90 167 0 0 LeftE01
P08462 294.166 57.2 5.75e-12 4.76e-12 3.45e-12 0.006 -0.48 167 0 0 LeftE01
P00276 299.276 50.891 1.59e-14 1.11e-13 5.40e-13 0.006 -3.80 167 0 0 LeftE01
P01859 299.446 54.901 2.05e-16 1.82e-16 1.46e-16 0.006 -2.45 167 0 0 LeftE01
P06679 285.34 70.872 1.64e-13 9.44e-14 4.70e-14 0.006 -3.99 167 0 0 LeftE02
P05995 285.768 74.571 2.23e-17 3.46e-17 3.78e-17 0.008 -3.81 125 0 0 LeftE02
P05134 286.124 62.477 2.71e-11 2.23e-11 1.54e-11 0.008 -2.76 125 0 0 LeftE02
P01771 286.789 72.072 5.36e-17 7.26e-17 7.36e-17 0.007 -3.66 143 0 0 LeftE02
P06467 287.926 73.351 6.20e-16 5.67e-16 4.25e-16 0.006 -4.25 167 0 0 LeftE02
P00667 288.708 70.078 1.44e-11 1.36e-11 8.18e-12 0.006 -3.86 167 0 0 LeftE02
P00977 291.114 70.389 6.02e-12 3.58e-12 1.71e-12 0.006 -4.01 167 0 0 LeftE02
P03781 294.888 74.782 1.87e-14 1.31e-14 7.33e-15 0.01 -4.89 100 0 0 LeftE02
P03508 298.907 71.77 2.63e-14 1.44e-14 8.81e-15 0.006 -4.36 167 0 0 LeftE02
P04177 285.052 81.828 8.84e-16 8.31e-16 7.47e-16 0.008 -4.09 125 0 0 LeftE03
P08796 285.459 82.272 6.32e-14 4.18e-14 2.09e-14 0.009 -4.18 111 0 0 LeftE03
P06173 285.466 83.555 1.45e-14 1.40e-14 7.85e-15 0.012 -3.19 83 0 0 LeftE03
P07875 285.523 80.734 1.18e-12 5.19e-13 2.56e-13 0.011 -3.96 91 0 0 LeftE03
P08692 285.743 77.911 2.23e-14 1.60e-14 6.93e-15 0.006 -3.21 167 0 0 LeftE03
P08879 285.835 79.875 2.00e-15 1.69e-15 1.15e-15 0.007 -3.87 143 49.9176276771005 0.12038097002679336 LeftE03
P09759 285.766 82.067 8.82e-15 6.21e-15 3.86e-15 0.008 -3.94 125 0 0 LeftE03
P08401 285.997 80.53 2.02e-13 1.02e-13 4.87e-14 0.007 -4.19 143 0 0 LeftE03
P06532 286.514 84.746 4.10e-14 2.26e-14 1.17e-14 0.006 -4.49 167 0 0 LeftE03
P06896 286.671 79.936 1.20e-12 6.69e-13 2.91e-13 0.011 -4.56 91 0 0 LeftE03
P05130 286.834 81.193 4.72e-14 3.14e-14 1.51e-14 0.008 -4.04 125 0 0 LeftE03
P01288 287.44 82.482 1.22e-17 2.51e-17 3.26e-17 0.007 -3.98 143 0 0 LeftE03
P08523 288.303 77.292 9.26e-15 6.26e-15 3.73e-15 0.006 -3.26 167 0 0 LeftE03
P02061 288.503 77.97 1.10e-11 5.72e-12 2.97e-12 0.007 -3.98 143 0 0 LeftE03
P00543 288.985 77.578 6.57e-17 9.83e-17 1.06e-16 0.009 -4.69 111 0 0 LeftE03
P08096 289.194 78.43 2.12e-11 1.08e-11 6.24e-12 0.009 -4.56 111 0 0 LeftE03
P02877 289.258 79.831 4.29e-13 2.27e-13 1.10e-13 0.008 -4.72 125 0 0 LeftE03
P06526 289.516 75.511 1.91e-13 9.62e-14 3.89e-14 0.006 -3.75 167 0 0 LeftE03
P05857 289.656 78.658 1.50e-12 7.52e-13 3.47e-13 0.01 -4.26 100 0 0 LeftE03
P00015 289.638 81.878 1.68e-13 1.05e-13 5.10e-14 0.011 -4.19 91 0 0 LeftE03
P08370 291.244 75.02 1.10e-13 5.93e-14 2.84e-14 0.007 -4.44 143 0 0 LeftE03
P09947 291.892 77.111 4.27e-13 2.31e-13 9.71e-14 0.008 -4.18 125 0 0 LeftE03
P01267 292.623 80.017 1.08e-16 1.65e-16 1.76e-16 0.01 -4.71 100 0 0 LeftE03
P02053 292.762 84.341 7.33e-17 9.36e-17 9.11e-17 0.006 -4.42 167 0 0 LeftE03
P07251 293.618 77.923 5.86e-15 4.34e-15 2.96e-15 0.011 -4.77 91 51.03874227961819 0.177932647617027 LeftE03
P03994 294.126 80.763 5.77e-11 4.32e-11 2.61e-11 0.013 -4.01 77 0 0 LeftE03
P00730 294.508 78.175 9.70e-13 3.78e-12 1.04e-11 0.012 -4.31 83 0 0 LeftE03
P02644 294.614 76.054 1.73e-17 3.08e-17 3.06e-17 0.006 -4.10 167 0 0 LeftE03
P03586 294.641 77.063 1.23e-11 6.20e-12 3.07e-12 0.01 -4.66 100 0 0 LeftE03
P04223 294.97 75.256 2.66e-13 1.25e-13 6.06e-14 0.009 -4.70 111 0 0 LeftE03
P05920 296.402 77.191 4.28e-13 2.33e-13 1.17e-13 0.009 -4.83 111 0 0 LeftE03
P03590 296.901 77.201 4.03e-14 2.87e-14 1.42e-14 0.011 -4.47 91 0 0 LeftE03
P01371 297.178 76.976 6.43e-17 8.87e-17 8.23e-17 0.006 -3.63 167 0 0 LeftE03
P06631 297.903 79.252 6.91e-13 3.26e-13 1.52e-13 0.007 -4.10 143 0 0 LeftE03
P00409 287.558 90.265 1.16e-14 7.78e-15 4.36e-15 0.006 -4.43 167 0 0 LeftE04
P09287 287.497 101.791 2.06e-10 1.68e-10 1.42e-10 0.029 0.70 34 0 0 LeftE04
P06100 287.659 96.164 7.85e-16 5.74e-16 3.92e-16 0.006 -1.53 167 49.59083469721767 0.12158989066196366 LeftE04
P06122 287.592 90.572 1.44e-16 1.54e-16 1.55e-16 0.006 -4.18 167 0 0 LeftE04
P06045 289.354 97.538 1.52e-17 2.20e-17 2.17e-17 0.006 -1.40 167 0 0 LeftE04
P08929 290.71 104.068 7.98e-12 4.83e-12 1.95e-12 0.044 0.60 23 0 0 LeftE04
P04850 290.935 99.229 9.29e-15 6.08e-15 3.11e-15 0.006 -0.82 167 0 0 LeftE04
P01064 290.929 97.879 1.12e-15 8.62e-16 5.89e-16 0.006 -1.30 167 50.92436974789916 0.11573911357442318 LeftE04
P04458 297.724 90.392 2.47e-17 1.27e-17 4.62e-18 0.006 -4.15 167 0 0 LeftE04
P00094 285.364 119.615 1.08e-16 5.30e-17 2.51e-17 0.006 -1.04 167 0 0 LeftE05
P05200 285.657 119.678 1.01e-16 1.08e-16 1.25e-16 0.007 -0.96 143 0 0 LeftE05
P01874 286.677 111.928 2.04e-17 3.45e-17 3.16e-17 0.006 -2.84 167 0 0 LeftE05
P09541 287.06 114.061 4.34e-12 2.30e-12 8.23e-13 0.016 0.53 62 0 0 LeftE05
P07735 288.165 111.949 2.00e-12 1.04e-12 4.89e-13 0.013 0.13 77 0 0 LeftE05
P05551 289.161 119.953 7.56e-15 5.82e-15 3.29e-15 0.006 -2.32 167 0 0 LeftE05
P06171 291.076 118.159 4.37e-11 3.14e-11 1.68e-11 0.013 0.03 77 0 0 LeftE05
P03263 294.989 119.427 9.98e-13 5.04e-13 2.57e-13 0.02 0.78 50 0 0 LeftE05
P05661 295.038 109.162 1.04e-14 9.95e-15 8.72e-15 0.032 0.67 31 0 0 LeftE05
P10194 296.174 119.769 3.39e-13 2.03e-13 1.12e-13 0.017 0.65 59 0 0 LeftE05
P08895 297.242 119.237 2.43e-13 1.16e-13 6.05e-14 0.006 -2.98 167 0 0 LeftE05
P05247 297.168 118.02 1.35e-11 5.95e-12 2.57e-12 0.026 0.93 38 0 0 LeftE05
P05790 285.104 121.431 9.72e-12 7.41e-12 3.08e-12 0.007 -0.16 143 0 0 LeftE06
P03535 285.278 121.458 2.05e-17 3.15e-17 3.97e-17 0.006 -0.44 167 0 0 LeftE06
P01786 285.175 123.344 1.78e-14 1.37e-14 7.47e-15 0.006 -0.66 167 0 0 LeftE06
P01745 285.252 122.255 4.51e-14 3.41e-14 1.49e-14 0.007 -0.29 143 0 0 LeftE06
P01309 285.458 122.533 8.34e-14 4.71e-14 2.40e-14 0.006 -0.52 167 0 0 LeftE06
P05455 285.509 120.781 1.33e-14 8.08e-15 4.63e-15 0.007 -0.69 143 0 0 LeftE06
P01835 285.546 120.408 1.82e-13 8.34e-14 4.39e-14 0.007 -0.94 143 0 0 LeftE06
P06783 285.696 123.36 9.06e-15 4.36e-15 2.62e-15 0.007 -0.77 143 0 0 LeftE06
P09924 285.828 121.615 2.02e-14 1.30e-14 7.98e-15 0.007 -1.01 143 0 0 LeftE06
P06019 285.861 122.939 4.60e-17 5.95e-17 8.00e-17 0.006 -0.50 167 0 0 LeftE06
P05900 285.719 123.273 5.04e-14 3.09e-14 1.69e-14 0.006 -0.87 167 0 0 LeftE06
P04253 286.364 122.017 3.41e-16 4.25e-16 2.90e-16 0.01 -1.28 100 0 0 LeftE06
P09199 286.494 120.858 7.53e-14 4.10e-14 2.22e-14 0.006 -1.29 167 0 0 LeftE06
P09371 286.511 121.985 3.82e-16 3.42e-16 2.73e-16 0.006 -1.02 167 0 0 LeftE06
P08542 286.581 122.378 2.14e-14 1.20e-14 7.02e-15 0.006 -1.28 167 0 0 LeftE06
P07338 286.644 121.246 2.56e-17 3.67e-17 3.79e-17 0.007 -1.43 143 0 0 LeftE06
P08739 286.651 120.433 8.39e-14 5.18e-14 2.33e-14 0.006 -1.49 167 0 0 LeftE06
P04252 286.778 122.862 3.62e-16 3.68e-16 3.05e-16 0.006 -1.63 167 0 0 LeftE06
P08756 286.834 121.576 7.15e-17 8.55e-17 8.44e-17 0.007 -1.81 143 0 0 LeftE06
P03020 286.975 124.246 5.82e-15 4.20e-15 2.26e-15 0.006 -1.29 167 0 0 LeftE06
P08596 286.976 123.614 2.26e-12 4.30e-12 6.24e-12 0.007 -1.53 143 0 0 LeftE06
P06417 287.029 120.797 3.66e-14 1.98e-14 1.06e-14 0.008 -1.82 125 0 0 LeftE06
P10123 287.285 122.022 1.07e-13 6.33e-14 3.83e-14 0.006 -2.12 167 0 0 LeftE06
P04840 287.482 129.886 1.53e-13 9.92e-14 4.58e-14 0.008 -1.17 125 0 0 LeftE06
P08754 287.467 122.896 1.00e-16 4.87e-17 2.19e-17 0.007 -1.57 143 0 0 LeftE06
P05609 287.559 123.64 1.06e-14 8.29e-15 4.10e-15 0.007 -1.72 143 0 0 LeftE06
P06661 287.991 122.086 1.84e-16 2.10e-16 1.94e-16 0.006 -2.36 167 0 0 LeftE06
P05700 288.167 121.27 3.10e-14 1.64e-14 9.02e-15 0.007 -2.55 143 0 0 LeftE06
P03640 288.232 122.948 5.00e-14 2.63e-14 1.49e-14 0.007 -2.15 143 0 0 LeftE06
P06283 288.322 120.6 4.73e-12 2.33e-12 1.02e-12 0.006 -2.35 167 0 0 LeftE06
P00317 288.754 123.08 1.08e-13 5.47e-14 2.99e-14 0.007 -1.88 143 0 0 LeftE06
P07959 289.094 121.361 6.03e-12 3.21e-12 1.41e-12 0.006 -2.27 167 0 0 LeftE06
P02792 289.236 122.166 5.13e-16 5.10e-16 3.57e-16 0.006 -2.79 167 0 0 LeftE06
P04933 289.4 120.175 1.49e-16 1.58e-16 1.59e-16 0.006 -2.91 167 0 0 LeftE06
P03637 289.619 121.045 1.23e-13 7.82e-14 3.31e-14 0.006 -2.31 167 0 0 LeftE06
P00215 289.951 120.499 1.93e-16 2.43e-16 2.04e-16 0.006 -2.63 167 0 0 LeftE06
P09930 291.089 123.349 3.90e-14 2.63e-14 1.15e-14 0.007 -2.91 143 0 0 LeftE06
P10411 291.597 121.258 5.76e-15 3.58e-15 2.58e-15 0.006 -3.09 167 0 0 LeftE06
P00912 292.401 123.072 3.42e-14 2.52e-14 1.21e-14 0.007 -3.13 143 0 0 LeftE06
P02859 292.767 125.27 4.95e-15 3.34e-15 1.95e-15 0.009 -2.75 111 0 0 LeftE06
P00712 293.296 120.468 4.27e-14 2.65e-14 1.71e-14 0.013 0.39 77 0 0 LeftE06
P08980 293.412 129.206 8.29e-13 3.61e-13 1.82e-13 0.009 -2.07 111 0 0 LeftE06
P10464 294.104 120.096 1.95e-13 9.67e-14 4.71e-14 0.007 -3.07 143 0 0 LeftE06
P06689 294.7 120.082 3.95e-15 3.78e-15 3.06e-15 0.02 0.76 50 0 0 LeftE06
P00792 295.452 120.368 3.94e-17 7.08e-17 8.12e-17 0.015 0.28 67 0 0 LeftE06
P02530 295.496 131.466 1.35e-14 8.54e-15 5.36e-15 0.009 -1.89 111 0 0 LeftE06
P04464 296.416 121.452 7.24e-15 8.15e-15 4.64e-15 0.012 0.31 83 49.699289229086936 0.10567301058255879 LeftE06
P01339 296.458 121.451 1.92e-17 3.81e-17 4.53e-17 0.011 0.12 91 0 0 LeftE06
P07741 296.979 132.594 4.55e-16 2.04e-16 7.80e-17 0.009 -2.02 111 0 0 LeftE06
P08778 298.212 121.505 4.23e-14 2.73e-14 1.33e-14 0.006 -3.57 167 0 0 LeftE06
P01386 298.446 124.262 7.97e-15 9.44e-15 6.30e-15 0.018 0.91 56 48.73994638069705 0.12980436545663657 LeftE06
P08540 298.695 124.793 2.01e-14 1.29e-14 9.36e-15 0.015 0.39 67 0 0 LeftE06
P06677 298.697 121.189 4.31e-15 4.40e-15 3.95e-15 0.02 0.94 50 0 0 LeftE06
P04160 298.822 124.362 2.76e-14 2.04e-14 1.20e-14 0.016 0.64 62 0 0 LeftE06
P08583 299.04 121.356 5.29e-14 3.27e-14 1.48e-14 0.008 -3.83 125 0 0 LeftE06
P08324 299.335 122.153 1.28e-11 7.36e-12 4.82e-12 0.008 -3.72 125 0 0 LeftE06
P00836 299.659 124.741 8.01e-15 4.84e-15 3.19e-15 0.007 -3.61 143 0 0 LeftE06
P01899 300.142 49.247 6.63e-16 5.88e-16 4.36e-16 0.006 -3.50 167 49.375339489407935 0.09656071434902365 LeftF01
P02748 310.791 70.098 1.41e-11 1.04e-11 6.14e-12 0.007 -3.97 143 0 0 LeftF02
P00102 312.473 70.118 2.93e-14 1.63e-14 9.12e-15 0.009 -3.47 111 0 0 LeftF02
P01448 305.731 75.662 1.03e-14 8.12e-15 5.26e-15 0.011 -4.63 91 0 0 LeftF03
P09630 300.448 122.662 3.64e-17 2.42e-17 1.27e-17 0.007 -3.57 143 0 0 LeftF06
P02327 300.523 121.325 1.04e-11 9.67e-12 6.72e-12 0.006 -3.69 167 0 0 LeftF06
P09401 300.426 134.212 3.87e-15 2.90e-15 1.91e-15 0.007 -2.26 143 50.92436974789916 0.16663397440346378 LeftF06
P06263 300.576 124.374 5.97e-13 2.45e-13 1.34e-13 0.022 0.99 45 0 0 LeftF06
P03629 302.004 124.735 1.80e-13 1.32e-13 1.36e-13 0.097 0.14 10 0 0 LeftF06
P06322 303.316 123.519 8.71e-16 1.17e-15 1.20e-15 0.023 1.12 43 0 0 LeftF06
P02092 303.498 124.239 9.43e-15 5.28e-15 3.38e-15 0.007 -3.68 143 0 0 LeftF06
P10340 304.024 129.21 1.48e-14 1.68e-14 1.17e-14 0.028 0.76 36 0 0 LeftF06
P01764 303.965 127.21 5.44e-13 3.52e-13 1.32e-13 0.018 0.88 56 0 0 LeftF06
P05006 304.453 131.959 1.12e-13 8.13e-14 3.45e-14 0.008 -2.90 125 0 0 LeftF06
P04444 305.071 129.303 2.00e-12 8.74e-13 4.72e-13 0.015 0.45 67 0 0 LeftF06
P02577 305.882 128.811 8.65e-13 5.09e-13 2.30e-13 0.013 0.31 77 0 0 LeftF06
P01281 306.109 123.755 4.86e-15 3.27e-15 2.18e-15 0.006 -3.59 167 0 0 LeftF06
P05991 306.05 127.205 7.50e-14 4.41e-14 3.19e-14 0.019 0.95 53 0 0 LeftF06
P07049 306.492 130.583 2.34e-16 3.07e-16 2.87e-16 0.013 0.17 77 0 0 LeftF06
P05066 306.7 124.459 4.32e-12 2.21e-12 1.04e-12 0.022 1.01 45 0 0 LeftF06
P06559 306.933 128.265 2.25e-15 2.81e-15 2.17e-15 0.023 1.05 43 0 0 LeftF06
P10208 307.89 130.76 4.28e-17 8.63e-17 1.23e-16 0.024 0.94 42 0 0 LeftF06
P04327 308.207 132.301 1.05e-11 4.61e-12 2.09e-12 0.028 0.71 36 0 0 LeftF06
P00139 308.304 131.885 2.10e-15 1.07e-15 4.01e-16 0.021 0.74 48 0 0 LeftF06
P01051 308.755 130.428 3.37e-14 2.49e-14 1.55e-14 0.015 0.44 67 0 0 LeftF06
P09505 308.957 124.43 1.82e-15 1.56e-15 9.60e-16 0.006 -3.62 167 50.027517886626306 0.1416679618231992 LeftF06
P02735 309.256 134.054 9.92e-16 1.40e-15 1.58e-15 0.05 0.22 20 0 0 LeftF06
P08225 309.873 128.465 5.41e-13 2.73e-13 1.32e-13 0.015 0.26 67 0 0 LeftF06
P04540 311.151 133.549 4.97e-17 6.11e-17 7.55e-17 0.006 -3.45 167 0 0 LeftF06
P05778 311.438 125.745 1.10e-13 5.54e-14 2.66e-14 0.006 -3.59 167 0 0 LeftF06
P07247 311.76 128.946 2.12e-12 1.42e-12 5.26e-13 0.021 0.95 48 0 0 LeftF06
P00530 312.773 134.72 2.82e-13 1.90e-13 7.17e-14 0.021 0.98 48 0 0 LeftF06
P07946 314.512 127.756 1.87e-15 1.53e-15 1.11e-15 0.007 -3.57 143 50.360110803324105 0.15574051609102013 LeftF06
P07258 68.539 91.962 1.34e-12 6.82e-13 3.21e-13 0.014 1.01 71 0 0 RightB04
P01099 103.064 56.013 7.64e-13 4.71e-13 2.48e-13 0.034 0.40 29 0 0 RightD01
P01377 119.235 46.71 2.89e-14 2.21e-14 1.23e-14 0.011 0.33 91 0 0 RightE01
P05285 226.663 44.962 1.65e-13 9.83e-14 4.91e-14 0.012 -1.98 83 0 0 UpA01
P07440 217.321 42.084 1.67e-14 1.24e-14 7.94e-15 0.014 -1.62 71 0 0 UpA01
P00737 247.421 44.835 1.15e-13 7.04e-14 3.73e-14 0.011 -1.86 91 0 0 UpA02
P01445 268.741 40.18 1.90e-17 3.40e-17 5.29e-17 0.009 -1.62 111 0 0 UpA03
P03260 256.107 34.255 1.74e-15 1.92e-15 1.37e-15 0.012 -1.58 83 0 0 UpA03
P03527 283.373 42.582 9.08e-17 1.23e-16 9.73e-17 0.006 -1.47 167 0 0 UpA04
P09368 297.157 43.985 3.61e-16 3.20e-16 2.38e-16 0.007 -0.81 143 49.16170903190913 0.13004113931897623 UpA05
P02579 298.189 43.211 3.75e-14 2.25e-14 1.08e-14 0.006 -1.76 167 0 0 UpA05
P01533 310.847 44.901 5.51e-17 2.79e-17 1.40e-17 0.006 -4.53 167 0 0 UpA06
P08479 214.234 42.563 7.10e-15 5.11e-15 3.04e-15 0.008 0.18 125 0 0 UpB01
P08189 226.305 33.902 4.33e-13 2.30e-13 1.03e-13 0.011 -1.45 91 0 0 UpB02
P08025 232.171 27.897 5.25e-11 4.60e-11 3.25e-11 0.013 -1.34 77 0 0 UpB02
P05059 213.518 32.457 2.41e-17 4.88e-17 6.68e-17 0.012 -1.39 83 0 0 UpB02
P00440 215.849 27.805 6.48e-16 8.22e-16 7.67e-16 0.015 -1.19 67 0 0 UpB02
P07614 209.738 31.648 3.92e-15 3.65e-15 2.96e-15 0.014 -1.30 71 0 0 UpB02
P08077 218.523 25.453 2.45e-14 1.65e-14 1.15e-14 0.016 -1.16 62 0 0 UpB02
P08399 250.443 30.53 1.64e-16 8.26e-17 3.78e-17 0.013 -1.44 77 0 0 UpB03
P08048 267.014 24.826 1.82e-15 1.90e-15 1.49e-15 0.015 -1.28 67 0 0 UpB03
P00479 248.082 24.477 6.10e-17 3.62e-17 1.79e-17 0.014 -1.38 71 0 0 UpB03
P05469 248.669 23.451 3.88e-16 2.05e-16 1.03e-16 0.015 -1.29 67 0 0 UpB03
P06307 235.814 22.291 1.34e-14 1.09e-14 6.35e-15 0.015 -1.21 67 50.471960022209885 0.1478827423857004 UpB03
P09721 233.127 20.834 4.20e-11 2.62e-11 1.12e-11 0.012 -1.22 83 0 0 UpB03
P05874 275.21 16.84 5.12e-16 2.90e-16 1.17e-16 0.01 -1.13 100 0 0 UpB04
P06985 305.237 27.614 2.62e-11 2.35e-11 1.68e-11 0.01 -1.10 100 0 0 UpB05
P01711 323.093 29.554 2.02e-11 1.95e-11 1.35e-11 0.008 -0.78 125 0 0 UpB05
P03146 200.712 36.214 3.82e-17 7.09e-17 9.98e-17 0.012 0.36 83 0 0 UpC01
P09422 190.812 44.8 2.32e-13 1.24e-13 6.48e-14 0.01 -0.89 100 0 0 UpC01
P05715 189.933 37.865 8.92e-16 1.05e-15 9.06e-16 0.015 -1.23 67 0 0 UpC01
P05693 188.885 37.904 9.15e-17 1.42e-16 1.81e-16 0.014 -1.23 71 0 0 UpC01
P09545 216.987 23.065 1.60e-13 1.06e-13 5.10e-14 0.014 -1.16 71 0 0 UpC02
P07317 209.356 27.0 1.89e-13 1.12e-13 5.84e-14 0.013 -1.19 77 0 0 UpC02
P00289 214.713 23.162 1.90e-17 4.31e-17 5.93e-17 0.014 -1.08 71 0 0 UpC02
P04001 214.831 22.928 4.75e-11 2.74e-11 1.34e-11 0.014 -1.11 71 0 0 UpC02
P03186 212.571 24.46 3.22e-16 4.88e-16 4.72e-16 0.015 -1.17 67 0 0 UpC02
P07970 208.449 26.917 8.89e-16 1.08e-15 9.92e-16 0.014 -1.20 71 0 0 UpC02
P01727 208.68 22.983 6.37e-14 3.77e-14 2.35e-14 0.014 -1.14 71 0 0 UpC02
P07515 207.128 19.356 8.17e-13 4.77e-13 2.07e-13 0.014 -1.08 71 0 0 UpC02
P03849 204.834 19.848 7.01e-17 1.22e-16 1.51e-16 0.015 -1.05 67 0 0 UpC02
P08733 204.618 18.456 4.71e-13 2.88e-13 1.43e-13 0.017 -1.12 59 0 0 UpC02
P00666 200.072 17.808 7.10e-14 5.10e-14 2.73e-14 0.014 -1.11 71 0 0 UpC02
P07520 200.345 17.276 2.87e-16 3.89e-16 3.98e-16 0.015 -1.12 67 0 0 UpC02
P09196 201.704 16.221 1.59e-13 9.90e-14 5.45e-14 0.014 -1.20 71 0 0 UpC02
P07242 192.21 16.473 1.75e-16 2.75e-16 2.99e-16 0.015 -1.21 67 0 0 UpC02
P05775 186.63 21.516 2.47e-16 3.63e-16 3.60e-16 0.011 -1.15 91 0 0 UpC02
P08939 186.355 20.166 1.01e-12 5.27e-13 2.45e-13 0.016 -1.19 62 0 0 UpC02
P05337 223.614 19.635 5.93e-14 4.25e-14 2.33e-14 0.013 -1.13 77 0 0 UpC03
P07808 228.773 14.601 4.97e-16 2.41e-16 1.12e-16 0.014 -1.15 71 0 0 UpC03
P01322 251.796 10.96 2.89e-11 1.46e-11 6.95e-12 0.012 -1.11 83 0 0 UpC03
P03617 227.625 13.716 2.49e-11 1.27e-11 6.15e-12 0.014 -1.14 71 0 0 UpC03
P04131 208.504 16.184 1.74e-13 1.01e-13 4.99e-14 0.015 -1.07 67 0 0 UpC03
P05895 239.819 8.045 1.15e-14 9.27e-15 6.06e-15 0.012 -1.10 83 50.027517886626306 0.08831306600477638 UpC03
P00683 251.193 7.25 3.78e-11 2.48e-11 1.16e-11 0.013 -1.05 77 0 0 UpC03
P07392 204.877 16.102 2.24e-13 1.31e-13 6.72e-14 0.013 -1.18 77 0 0 UpC03
P00700 228.304 6.937 5.09e-11 3.21e-11 1.44e-11 0.013 -1.03 77 0 0 UpC03
P07719 238.272 5.741 1.56e-14 1.35e-14 7.84e-15 0.014 -1.01 71 0 0 UpC03
P03704 198.436 15.458 3.83e-11 2.06e-11 9.15e-12 0.013 -1.26 77 0 0 UpC03
P02605 196.864 14.818 2.32e-14 1.98e-14 1.24e-14 0.013 -1.25 77 0 0 UpC03
P00149 187.185 12.697 1.21e-14 9.74e-15 5.96e-15 0.017 -1.23 59 49.80821917808219 0.10028942849420204 UpC03
P08709 201.61 2.557 5.91e-13 3.29e-13 1.51e-13 0.012 -0.94 83 0 0 UpC03
P01901 296.275 16.151 9.28e-13 4.24e-13 2.11e-13 0.012 -1.03 83 0 0 UpC04
P08632 285.837 14.713 5.09e-15 3.85e-15 2.73e-15 0.012 -1.06 83 49.80821917808219 0.11701022058735942 UpC04
P08937 311.127 10.388 1.14e-14 1.03e-14 6.17e-15 0.012 -0.96 83 0 0 UpC04
P07604 323.646 10.415 2.74e-14 1.92e-14 1.04e-14 0.013 -0.79 77 0 0 UpC04
P04170 320.622 1.047 4.96e-14 3.42e-14 1.97e-14 0.013 -0.84 77 0 0 UpC04
P06967 350.649 21.246 1.92e-13 9.12e-14 5.10e-14 0.008 -0.46 125 0 0 UpC05
P01083 178.962 32.663 1.03e-14 8.47e-15 5.66e-15 0.014 -1.14 71 49.9176276771005 0.13395472774295367 UpD01
P07777 164.889 32.938 2.89e-13 1.77e-13 9.03e-14 0.015 -1.08 67 0 0 UpD01
P03737 178.356 26.066 5.80e-16 7.45e-16 6.79e-16 0.015 -1.09 67 0 0 UpD02
P02676 177.384 15.792 1.33e-13 9.14e-14 4.58e-14 0.015 -1.20 67 0 0 UpD02
P05594 178.155 28.1 6.84e-11 6.17e-11 3.53e-11 0.015 -1.15 67 0 0 UpD02
P02960 176.755 27.011 5.74e-13 3.51e-13 1.63e-13 0.014 -1.07 71 0 0 UpD02
P01645 173.742 15.153 4.15e-15 3.67e-15 2.90e-15 0.013 -1.19 77 0 0 UpD02
P05546 153.936 17.965 1.36e-17 2.81e-17 5.19e-17 0.013 -0.98 77 0 0 UpD02
P03632 152.455 19.84 3.11e-17 6.05e-17 8.52e-17 0.014 -1.06 71 0 0 UpD02
P02134 152.564 29.954 8.00e-14 4.57e-14 2.63e-14 0.016 -0.83 62 0 0 UpD02
P05914 164.258 9.576 4.96e-17 8.12e-17 1.19e-16 0.014 -1.10 71 0 0 UpD03
P05596 130.963 10.161 5.26e-16 6.50e-16 6.03e-16 0.014 -0.88 71 0 0 UpD03
P05231 131.374 13.55 1.71e-16 2.26e-16 2.90e-16 0.015 -0.80 67 0 0 UpD03
P08268 22.334 3.412 6.62e-13 3.09e-12 7.91e-12 0.012 -0.76 83 0 0 UpD04
P07300 15.309 11.174 1.41e-12 7.61e-13 3.29e-13 0.009 -0.59 111 0 0 UpD04
P09627 84.115 4.945 2.73e-11 1.41e-11 6.48e-12 0.014 -0.82 71 0 0 UpD04
P05342 22.9 34.146 1.01e-16 1.61e-16 1.47e-16 0.008 0.44 125 0 0 UpD06
P07625 139.359 36.24 2.04e-14 1.46e-14 9.62e-15 0.013 -0.49 77 0 0 UpE01
P07642 131.35 31.568 5.90e-13 2.74e-13 1.39e-13 0.012 -0.40 83 0 0 UpE02
P04372 108.89 17.413 1.28e-13 7.82e-14 3.92e-14 0.013 -0.53 77 0 0 UpE03
P05810 115.421 28.276 9.46e-13 5.06e-13 2.34e-13 0.013 -0.27 77 0 0 UpE03
P04183 115.112 30.691 2.66e-11 1.25e-11 5.53e-12 0.012 -0.15 83 0 0 UpE03
P02398 65.178 18.14 9.86e-12 1.76e-11 2.15e-11 0.009 -0.18 111 0 0 UpE04
P03921 79.884 23.311 8.03e-16 8.50e-16 6.00e-16 0.01 0.03 100 0 0 UpE04
P05114 82.522 23.756 9.31e-13 7.54e-13 5.54e-13 0.188 0.08 5 48.635634028892454 0.12015356815043979 UpE04
P02721 37.406 24.007 4.51e-13 2.62e-13 1.27e-13 0.01 0.08 100 0 0 UpE05
P06024 53.579 36.465 3.61e-16 1.91e-16 6.66e-17 0.009 0.77 111 0 0 UpF05