name x y flux0 flux1 flux2 width rv
F05892 -14.291 -44.940 2.50e-17 1.57e-17 9.51e-18 12.21 -1102.06
F05893 -14.262 -44.925 1.92e-17 1.16e-17 7.45e-18 10.21 -1101.82
F09596  -4.816 -31.698 1.28e-16 9.80e-17 6.10e-17 30.63 -393.34
F09595  -4.266 -30.508 9.62e-17 8.33e-17 4.03e-17 38.16 -393.42
F09589  -4.236 -30.115 6.71e-17 7.23e-17 5.58e-17 34.33 -393.43
F09588  -4.216 -30.469 8.25e-17 8.61e-17 4.20e-17 16.97 -393.55
F09598  -4.133 -30.113 1.32e-16 8.70e-17 4.91e-17 24.13 -393.57
F09591  -4.130 -30.037 1.38e-16 7.81e-17 3.50e-17 23.91 -393.51
F09602  -4.128 -30.066 1.61e-16 1.16e-16 6.88e-17 36.41 -393.37
F09601  -4.116 -30.534 1.32e-16 1.09e-16 7.68e-17 23.76 -393.37
F09593  -4.111 -30.054 1.16e-16 1.27e-16 5.48e-17 30.25 -393.50
F09594  -4.106 -30.161 1.20e-16 7.54e-17 5.42e-17 41.68 -393.43
F09590  -4.096 -30.038 6.78e-17 9.75e-17 4.75e-17 24.17 -393.66
F09592  -4.089 -30.030 1.41e-16 1.18e-16 6.52e-17 30.35 -393.26
F09600  -4.041 -30.174 9.29e-17 8.44e-17 5.66e-17 31.34 -393.32
