name x y flux1 flux2 flux3 par rv
P06621   1.386 -28.912 5.53e-14 3.12e-14 1.47e-14   0.004    0.74
P03288   1.855 -27.649 4.77e-14 2.71e-14 1.33e-14   0.005    0.23
P00126   2.705 -28.877 2.58e-12 1.27e-12 5.15e-13   0.004    0.48
P00903   2.892 -27.287 1.09e-14 6.01e-15 3.40e-15   0.005   -0.03
P03677   3.252 -26.557 4.95e-17 5.68e-17 4.71e-17   0.004   -0.20
P02478   3.650 -25.238 4.18e-12 4.03e-12 2.99e-12   0.004   -0.46
P01892   4.586 -29.609 1.30e-16 1.45e-16 1.14e-16   0.004    0.06
P00031   5.111 -29.050 7.17e-17 8.04e-17 8.29e-17   0.004   -0.32
P09292   5.545 -28.822 1.55e-12 2.99e-12 4.14e-12   0.005   -0.25
P02790   7.414 -29.590 3.00e-15 2.20e-15 1.23e-15   0.005   -1.11
P09677   7.624 -29.774 4.43e-15 2.94e-15 1.81e-15   0.005   -1.17
P08682   9.394 -29.959 1.99e-13 9.18e-14 4.28e-14   0.004   -1.80
P05023  10.755 -29.299 4.82e-16 4.30e-16 3.08e-16   0.005   -2.00
P02565  11.516 -29.133 1.73e-13 8.95e-14 4.41e-14   0.002   -2.33
P00421  13.919 -29.861 7.67e-15 5.47e-15 2.86e-15   0.003   -3.17
