name x y flux1 flux2 flux3 par rv
P09461 -44.873 -23.494 5.56e-15 3.72e-15 2.02e-15   0.004   -0.68
P02918 -44.700 -27.541 3.99e-15 3.19e-15 1.67e-15   0.003   -1.19
P05410 -44.698 -20.633 1.45e-14 9.74e-15 4.48e-15   0.005   -0.71
P03967 -44.424 -21.635 4.12e-12 3.33e-12 2.66e-12   0.003   -0.49
P05352 -44.290 -23.641 3.00e-16 2.58e-16 1.81e-16   0.003   -0.67
P06040 -44.147 -23.795 5.08e-15 4.72e-15 2.54e-15   0.003   -0.90
P01540 -44.052 -24.438 1.30e-17 2.19e-17 2.10e-17   0.003   -0.95
P04296 -43.873 -24.593 7.15e-14 3.93e-14 1.78e-14   0.004   -1.01
P03022 -43.983 -24.968 1.45e-16 1.61e-16 1.25e-16   0.004   -1.13
P06606 -43.885 -24.094 1.25e-14 6.74e-14 3.60e-13   0.004   -0.99
P06146 -43.828 -25.379 2.32e-16 2.20e-16 1.80e-16   0.002   -1.27
P04493 -43.820 -21.040 1.57e-16 1.52e-16 1.39e-16   0.002   -0.89
P00469 -43.636 -29.152 4.00e-17 3.87e-17 4.00e-17   0.003   -1.51
P08807 -43.599 -22.765 1.87e-17 8.13e-18 4.43e-18   0.004   -0.81
P09397 -43.588 -22.096 9.00e-17 4.04e-17 1.70e-17   0.003   -0.74
P09368 -43.646 -22.390 3.61e-16 3.20e-16 2.38e-16   0.007   -0.81
P09501 -43.479 -24.850 2.59e-12 1.07e-12 5.21e-13   0.003   -1.34
P01313 -43.547 -22.978 1.40e-15 1.01e-15 6.79e-16   0.005   -0.95
P03239 -43.385 -23.602 1.04e-13 5.21e-14 2.32e-14   0.002   -1.12
P08752 -43.459 -19.224 1.57e-17 2.20e-17 2.25e-17   0.003   -1.11
P07310 -43.296 -20.122 9.00e-17 8.59e-17 7.52e-17   0.002   -1.06
P00699 -42.995 -22.679 7.09e-17 8.46e-17 7.61e-17   0.004   -1.15
P04220 -42.973 -22.698 9.18e-14 4.92e-14 2.40e-14   0.003   -1.28
P04984 -42.733 -22.948 6.36e-17 3.23e-17 1.32e-17   0.004   -1.46
P00850 -42.894 -25.125 1.22e-16 1.30e-16 9.10e-17   0.005   -1.59
P04433 -42.769 -23.209 1.61e-14 9.06e-15 4.53e-15   0.003   -1.54
P07003 -42.765 -20.045 5.68e-15 3.16e-15 2.21e-15   0.003   -1.26
P07940 -42.787 -23.109 1.16e-17 1.78e-17 1.91e-17   0.005   -1.39
P05048 -42.548 -24.253 4.79e-12 3.17e-12 2.16e-12   0.005   -1.74
P06663 -42.554 -22.554 1.42e-17 2.27e-17 2.64e-17   0.004   -1.62
P03935 -42.517 -25.198 3.23e-12 1.71e-12 7.68e-13   0.003   -1.78
P02968 -42.560 -21.762 4.42e-14 2.40e-14 1.25e-14   0.004   -1.56
P02579 -42.574 -22.817 3.75e-14 2.25e-14 1.08e-14   0.006   -1.76
P04426 -42.449 -22.031 6.91e-17 7.57e-17 5.92e-17   0.005   -1.87
P03878 -42.554 -22.448 7.32e-15 5.28e-15 2.44e-15   0.004   -1.96
P03605 -42.299 -22.863 3.82e-17 5.14e-17 4.70e-17   0.003   -2.15
P02048 -42.215 -24.394 2.87e-15 1.91e-15 1.22e-15   0.005   -1.89
P07227 -42.268 -23.087 5.95e-15 3.57e-15 2.22e-15   0.003   -2.15
P05883 -42.317 -22.711 7.70e-16 6.07e-16 3.58e-16   0.004   -2.13
P00991 -42.140 -21.713 2.61e-12 3.08e-12 2.82e-12   0.004   -2.06
P06292 -42.129 -22.677 4.66e-12 3.99e-12 2.41e-12   0.002   -2.17
P00767 -41.997 -20.725 2.44e-15 1.46e-15 9.36e-16   0.004   -1.84
P04143 -41.849 -23.617 1.95e-16 1.81e-16 1.47e-16   0.003   -2.24
P03571 -41.923 -22.892 1.97e-17 2.54e-17 2.71e-17   0.003   -2.27
P02944 -41.887 -20.181 1.37e-17 1.96e-17 1.85e-17   0.001   -1.89
P05606 -41.762 -23.088 6.89e-15 4.17e-15 2.36e-15   0.003   -2.26
P06329 -41.391 -22.028 8.29e-16 6.28e-16 4.24e-16   0.003   -2.38
P10177 -41.415 -20.275 1.33e-13 7.51e-14 3.21e-14   0.005   -1.99
P01072 -41.531 -27.612 1.22e-17 2.14e-17 1.84e-17   0.004   -1.96
P03760 -41.153 -23.336 2.53e-13 1.18e-13 5.07e-14   0.003   -2.40
P09978 -41.049 -24.856 7.76e-14 4.31e-14 2.02e-14   0.003   -2.21
P02187 -41.162 -24.128 1.11e-14 7.38e-15 3.24e-15   0.004   -2.43
P09651 -41.188 -22.322 2.25e-14 1.30e-14 6.05e-15   0.004   -2.52
P02375 -40.826 -23.029 1.64e-15 1.32e-15 7.32e-16   0.002   -2.57
P00235 -41.027 -26.121 1.51e-12 8.28e-13 4.55e-13   0.005   -2.20
P02536 -40.792 -22.178 1.91e-14 1.12e-14 5.69e-15   0.004   -2.59
P09247 -40.674 -23.956 8.51e-17 4.23e-17 1.59e-17   0.002   -2.56
P01633 -40.252 -20.903 1.22e-15 1.08e-15 5.92e-16   0.003   -2.57
P01882 -39.873 -23.634 7.19e-16 5.58e-16 4.09e-16   0.004   -2.63
P08904 -39.910 -26.589 3.77e-12 2.48e-12 1.17e-12   0.004   -2.37
P04200 -39.403 -24.324 3.59e-14 2.20e-14 9.84e-15   0.004   -2.72
P08604 -39.284 -21.515 2.18e-17 3.17e-17 2.94e-17   0.004   -2.82
P07428 -39.407 -22.116 8.64e-14 4.78e-14 2.11e-14   0.003   -2.84
P06059 -38.933 -19.873 7.13e-17 7.83e-17 6.44e-17   0.003   -2.77
P01297 -38.785 -29.044 5.33e-17 3.72e-17 2.32e-17  -0.000    1.55
P09603 -38.766 -18.659 1.04e-15 7.88e-16 5.02e-16   0.005   -2.60
P01240 -38.509 -28.649 1.13e-17 8.45e-18 6.24e-18  -0.001    2.08
P08839 -38.547 -22.603 8.30e-14 4.54e-14 1.76e-14   0.004   -2.89
P04714 -38.577 -24.100 5.67e-14 2.73e-14 1.48e-14   0.002   -2.87
P03371 -38.464 -29.787 3.35e-16 1.78e-16 9.60e-17  -0.001    0.99
P09635 -38.192 -29.327 1.89e-17 1.53e-17 9.64e-18  -0.001    1.89
P00753 -38.262 -29.481 5.45e-17 3.89e-17 2.26e-17  -0.000    1.79
P02495 -38.195 -29.477 4.80e-17 3.57e-17 2.21e-17  -0.001    2.06
P02527 -38.104 -20.926 2.06e-17 2.68e-17 3.06e-17   0.002   -2.96
P05808 -38.072 -29.799 7.58e-14 5.82e-14 2.70e-14  -0.001    1.26
P02376 -37.813 -29.419 4.65e-14 2.16e-14 1.07e-14   0.001    2.14
P00265 -37.652 -29.079 4.97e-14 2.49e-14 1.25e-14   0.001    2.06
P07693 -37.671 -29.967 1.58e-17 1.45e-17 1.03e-17   0.002    1.28
P06601 -37.510 -29.992 2.15e-17 1.88e-17 1.28e-17  -0.001    1.05
P09911 -37.602 -22.979 5.15e-16 4.61e-16 3.07e-16   0.003   -2.91
P04389 -37.452 -29.941 4.14e-16 2.29e-16 1.05e-16   0.002    1.53
P06669 -37.551 -29.497 5.25e-14 2.71e-14 1.17e-14   0.001    1.92
P03807 -37.481 -29.320 3.56e-17 2.75e-17 1.46e-17   0.001    1.76
P04990 -37.598 -29.848 2.73e-16 1.49e-16 8.34e-17   0.002    1.16
P07684 -37.571 -29.842 5.63e-14 2.51e-14 1.15e-14  -0.001    1.23
P09377 -37.204 -28.970 1.38e-17 1.17e-17 8.67e-18   0.001    1.24
P03816 -37.069 -28.559 3.17e-16 1.98e-16 9.62e-17  -0.000    1.10
P06542 -36.776 -29.822 3.87e-15 1.94e-15 8.93e-16  -0.001   -0.89
P01225 -36.436 -25.012 1.65e-13 8.23e-14 3.60e-14   0.004   -2.73
P09795 -36.390 -19.925 3.72e-14 2.26e-14 9.33e-15   0.004   -2.92
P04920 -36.377 -23.149 3.64e-15 2.20e-15 1.27e-15   0.005   -3.01
P05724 -36.190 -23.944 6.50e-17 6.36e-17 6.55e-17   0.002   -2.96
P08627 -36.296 -29.487 3.53e-14 4.56e-14 5.32e-14   0.000   -1.12
P05297 -31.966 -17.509 1.68e-13 9.34e-14 3.54e-14   0.005   -3.06
P08974 -31.924 -26.055 5.49e-16 5.22e-16 3.42e-16   0.003   -2.80
P00731 -31.244 -27.443 4.29e-14 2.32e-14 1.18e-14   0.004   -2.61
