name x y flux1 flux2 flux3 par rv
P02130 -20.304  26.185 1.80e-15 1.13e-15 6.03e-16   0.000    2.81
P10410 -19.827  29.274 4.34e-17 4.54e-17 3.36e-17   0.003    0.17
P00546 -18.700  27.562 4.26e-13 2.56e-13 1.20e-13   0.000    3.68
P03308 -17.900  27.847 9.94e-15 5.15e-15 2.41e-15   0.003    3.15
P07738 -17.541  27.330 1.55e-14 7.78e-15 3.66e-15   0.003    3.67
P03199 -17.170  27.174 1.91e-17 1.88e-17 1.62e-17   0.003    3.67
P10115 -16.226  26.716 1.57e-17 1.78e-17 1.44e-17   0.002    3.33
P03194 -16.261  26.991 1.28e-14 6.94e-15 3.20e-15   0.001    3.29
P04682 -16.243  27.312 3.25e-13 1.65e-13 7.77e-14   0.001    3.28
P02385 -16.225  26.807 2.65e-16 2.03e-16 1.22e-16   0.000    3.33
P07123 -16.183  26.846 3.99e-15 2.11e-15 1.10e-15   0.001    3.40
P04501 -16.006  25.607 3.22e-16 2.38e-16 1.57e-16   0.003    1.93
P07776 -15.872  27.361 2.35e-17 2.18e-17 1.83e-17   0.001    3.26
P09563 -15.774  27.895 7.63e-17 6.54e-17 4.44e-17   0.002    2.29
P07446 -15.703  26.600 2.98e-16 2.18e-16 1.32e-16  -0.002    3.21
P05959 -15.496  26.785 1.08e-16 1.05e-16 6.32e-17   0.002    3.30
P06167 -15.627  26.313 5.48e-16 3.94e-16 2.41e-16  -0.000    2.34
P04707 -15.429  26.969 2.42e-14 1.14e-14 6.18e-15   0.000    3.19
P08159 -15.525  26.907 2.59e-13 1.54e-13 6.69e-14   0.004    3.25
P04193 -15.224  27.031 1.75e-16 1.31e-16 8.05e-17   0.003    2.33
P00312 -15.233  26.238 2.18e-17 2.16e-17 1.62e-17  -0.000    2.33
P09816 -15.059  26.757 8.24e-16 5.13e-16 2.98e-16   0.002    3.01
