name x y flux1 flux2 flux3 par rv
P05790  15.104 -31.431 9.72e-12 7.41e-12 3.08e-12   0.007   -0.16
P03535  15.278 -31.458 2.05e-17 3.15e-17 3.97e-17   0.006   -0.44
P01786  15.175 -33.344 1.78e-14 1.37e-14 7.47e-15   0.006   -0.66
P01745  15.252 -32.255 4.51e-14 3.41e-14 1.49e-14   0.007   -0.29
P01309  15.458 -32.533 8.34e-14 4.71e-14 2.40e-14   0.006   -0.52
P05106  15.434 -40.862 7.87e-14 7.11e-14 5.77e-14   0.002   -3.76
P05455  15.509 -30.781 1.33e-14 8.08e-15 4.63e-15   0.007   -0.69
P07096  15.373 -32.103 7.77e-17 8.84e-17 9.80e-17   0.005   -0.65
P01401  15.598 -33.712 5.14e-15 3.63e-15 1.72e-15   0.004   -2.60
P04073  15.545 -32.329 2.47e-13 1.07e-13 4.84e-14   0.005   -0.56
P01835  15.546 -30.408 1.82e-13 8.34e-14 4.39e-14   0.007   -0.94
P06783  15.696 -33.360 9.06e-15 4.36e-15 2.62e-15   0.007   -0.77
P09924  15.828 -31.615 2.02e-14 1.30e-14 7.98e-15   0.007   -1.01
P06019  15.861 -32.939 4.60e-17 5.95e-17 8.00e-17   0.006   -0.50
P05900  15.719 -33.273 5.04e-14 3.09e-14 1.69e-14   0.006   -0.87
P04443  15.913 -32.489 1.11e-15 8.83e-16 6.56e-16   0.004   -0.87
P09494  16.110 -33.916 3.26e-16 2.22e-16 1.34e-16   0.005   -4.14
P04253  16.364 -32.017 3.41e-16 4.25e-16 2.90e-16   0.010   -1.28
P09199  16.494 -30.858 7.53e-14 4.10e-14 2.22e-14   0.006   -1.29
P09371  16.511 -31.985 3.82e-16 3.42e-16 2.73e-16   0.006   -1.02
P06887  16.490 -30.149 9.77e-14 4.71e-14 2.21e-14   0.004   -1.53
P07810  16.682 -34.460 9.80e-14 4.38e-14 2.53e-14   0.005   -0.96
P08542  16.581 -32.378 2.14e-14 1.20e-14 7.02e-15   0.006   -1.28
P07338  16.644 -31.246 2.56e-17 3.67e-17 3.79e-17   0.007   -1.43
P08739  16.651 -30.433 8.39e-14 5.18e-14 2.33e-14   0.006   -1.49
P02180  16.747 -30.803 1.02e-17 1.57e-17 2.32e-17   0.005   -1.57
P07695  16.696 -32.003 1.08e-11 8.06e-12 4.57e-12   0.005   -1.57
P04252  16.778 -32.862 3.62e-16 3.68e-16 3.05e-16   0.006   -1.63
P08756  16.834 -31.576 7.15e-17 8.55e-17 8.44e-17   0.007   -1.81
P07207  16.855 -32.400 5.77e-12 2.73e-12 1.20e-12   0.005   -1.58
P03020  16.975 -34.246 5.82e-15 4.20e-15 2.26e-15   0.006   -1.29
P08596  16.976 -33.614 2.26e-12 4.30e-12 6.24e-12   0.007   -1.53
P05912  16.961 -33.592 3.45e-12 5.55e-12 5.48e-12   0.005   -1.40
P06417  17.029 -30.797 3.66e-14 1.98e-14 1.06e-14   0.008   -1.82
P10123  17.285 -32.022 1.07e-13 6.33e-14 3.83e-14   0.006   -2.12
P04840  17.482 -39.886 1.53e-13 9.92e-14 4.58e-14   0.008   -1.17
P08754  17.467 -32.896 1.00e-16 4.87e-17 2.19e-17   0.007   -1.57
P05609  17.559 -33.640 1.06e-14 8.29e-15 4.10e-15   0.007   -1.72
P05502  17.607 -35.222 3.17e-15 2.22e-15 1.35e-15   0.005   -1.88
P07219  17.888 -36.024 2.79e-13 1.37e-13 5.90e-14   0.005   -1.59
P06661  17.991 -32.086 1.84e-16 2.10e-16 1.94e-16   0.006   -2.36
P05700  18.167 -31.270 3.10e-14 1.64e-14 9.02e-15   0.007   -2.55
P03640  18.232 -32.948 5.00e-14 2.63e-14 1.49e-14   0.007   -2.15
P06283  18.322 -30.600 4.73e-12 2.33e-12 1.02e-12   0.006   -2.35
P00317  18.754 -33.080 1.08e-13 5.47e-14 2.99e-14   0.007   -1.88
P02599  19.106 -32.331 3.68e-14 2.37e-14 9.61e-15   0.005   -2.31
P07959  19.094 -31.361 6.03e-12 3.21e-12 1.41e-12   0.006   -2.27
P08181  19.071 -34.074 5.36e-12 3.17e-12 1.56e-12   0.005   -2.08
P02792  19.236 -32.166 5.13e-16 5.10e-16 3.57e-16   0.006   -2.79
P07867  19.406 -30.247 4.26e-16 4.65e-16 3.05e-16   0.004   -2.42
P04933  19.400 -30.175 1.49e-16 1.58e-16 1.59e-16   0.006   -2.91
P03637  19.619 -31.045 1.23e-13 7.82e-14 3.31e-14   0.006   -2.31
P05514  19.706 -30.907 9.34e-16 7.62e-16 5.73e-16   0.004   -2.22
P00215  19.951 -30.499 1.93e-16 2.43e-16 2.04e-16   0.006   -2.63
P03498  20.193 -32.746 7.00e-14 4.15e-14 2.26e-14   0.005   -2.89
P09930  21.089 -33.349 3.90e-14 2.63e-14 1.15e-14   0.007   -2.91
P10411  21.597 -31.258 5.76e-15 3.58e-15 2.58e-15   0.006   -3.09
P00912  22.401 -33.072 3.42e-14 2.52e-14 1.21e-14   0.007   -3.13
P02859  22.767 -35.270 4.95e-15 3.34e-15 1.95e-15   0.009   -2.75
P09100  23.038 -33.677 5.92e-17 8.59e-17 9.09e-17   0.005   -3.19
P00712  23.296 -30.468 4.27e-14 2.65e-14 1.71e-14   0.013    0.39
P08980  23.412 -39.206 8.29e-13 3.61e-13 1.82e-13   0.009   -2.07
P10464  24.104 -30.096 1.95e-13 9.67e-14 4.71e-14   0.007   -3.07
P06689  24.700 -30.082 3.95e-15 3.78e-15 3.06e-15   0.020    0.76
P00792  25.452 -30.368 3.94e-17 7.08e-17 8.12e-17   0.015    0.28
P02530  25.496 -41.466 1.35e-14 8.54e-15 5.36e-15   0.009   -1.89
P04464  26.416 -31.452 7.24e-15 8.15e-15 4.64e-15   0.012    0.31
P01339  26.458 -31.451 1.92e-17 3.81e-17 4.53e-17   0.011    0.12
P01473  26.462 -30.254 1.21e-16 1.38e-16 1.30e-16   0.005   -2.87
P07741  26.979 -42.594 4.55e-16 2.04e-16 7.80e-17   0.009   -2.02
P08778  28.212 -31.505 4.23e-14 2.73e-14 1.33e-14   0.006   -3.57
P01386  28.446 -34.262 7.97e-15 9.44e-15 6.30e-15   0.018    0.91
P00374  28.323 -35.669 2.05e-16 1.72e-16 1.48e-16   0.005   -0.58
P08058  28.584 -34.137 9.04e-14 4.81e-14 2.47e-14   0.004   -3.65
P08540  28.695 -34.793 2.01e-14 1.29e-14 9.36e-15   0.015    0.39
P06677  28.697 -31.189 4.31e-15 4.40e-15 3.95e-15   0.020    0.94
P04160  28.822 -34.362 2.76e-14 2.04e-14 1.20e-14   0.016    0.64
P08583  29.040 -31.356 5.29e-14 3.27e-14 1.48e-14   0.008   -3.83
P08324  29.335 -32.153 1.28e-11 7.36e-12 4.82e-12   0.008   -3.72
P00836  29.659 -34.741 8.01e-15 4.84e-15 3.19e-15   0.007   -3.61
P03402  29.762 -32.222 7.87e-14 4.47e-14 1.80e-14   0.004   -3.53
