name x y flux0 flux1 flux2 width rv
F06507 -13.998  17.590 4.40e-17 3.21e-17 2.14e-17 15.91 -736.20
F06511 -13.917  17.508 2.99e-17 2.73e-17 1.88e-17 15.24 -736.25
F06524 -13.888  17.843 3.90e-17 2.58e-17 1.81e-17 16.99 -735.99
F06522 -13.876  17.549 3.70e-17 2.51e-17 1.77e-17 11.30 -736.12
F06505 -13.807  17.544 4.22e-17 2.67e-17 1.87e-17 15.50 -736.07
F06516 -13.797  17.580 2.69e-17 2.17e-17 1.17e-17 17.35 -735.90
F06530 -13.780  17.784 3.46e-17 2.69e-17 1.42e-17 21.38 -736.18
F06527 -13.774  17.501 3.95e-17 2.32e-17 1.58e-17 18.01 -736.06
F06517 -13.770  17.548 3.55e-17 3.02e-17 2.04e-17 21.52 -736.09
F06529 -13.767  17.514 3.79e-17 2.54e-17 2.07e-17  7.55 -736.21
F06528 -13.744  17.581 3.08e-17 2.13e-17 1.31e-17 19.16 -736.37
F06508 -13.743  17.561 3.27e-17 2.20e-17 1.13e-17 14.19 -736.23
F06512 -13.739  17.563 3.86e-17 3.11e-17 1.72e-17 15.27 -736.04
F06519 -13.737  17.561 1.76e-17 1.29e-17 7.64e-18 16.73 -736.11
F06525 -13.730  17.551 3.37e-17 2.59e-17 1.87e-17 13.57 -736.13
F06509 -13.723  17.594 4.01e-17 2.65e-17 1.86e-17 14.16 -736.24
F06513 -13.697  17.620 3.72e-17 2.15e-17 1.53e-17 14.78 -736.36
F06523 -13.693  17.565 3.51e-17 2.55e-17 1.47e-17 18.77 -736.24
F06515 -13.692  17.749 4.54e-17 3.01e-17 1.90e-17 11.83 -736.25
F06518 -13.690  17.623 3.21e-17 2.29e-17 1.63e-17 17.80 -736.03
F06510 -13.676  17.644 3.36e-17 2.36e-17 1.65e-17 17.86 -736.11
F06514 -13.675  17.512 4.29e-17 3.42e-17 2.27e-17 15.70 -736.08
F06520 -13.671  17.700 4.70e-17 3.07e-17 2.12e-17 14.95 -736.23
F06521 -13.651  17.643 4.06e-17 2.87e-17 2.06e-17 18.87 -736.16
F06506 -13.568  17.916 4.26e-17 2.91e-17 1.98e-17 15.60 -736.16
F06526 -13.540  17.631 3.53e-17 2.94e-17 1.72e-17 17.08 -736.15
F05392 -10.602  18.473 7.28e-17 6.13e-17 3.63e-17 21.07 -476.27
F05386 -10.323  19.138 9.44e-17 6.67e-17 4.31e-17 17.07 -476.40
F05339 -10.268  18.372 1.08e-16 8.08e-17 5.02e-17 16.98 -476.16
F05348 -10.147  18.199 6.79e-17 5.26e-17 2.96e-17 14.35 -476.45
F05365 -10.099  19.277 8.05e-17 6.41e-17 4.61e-17 25.73 -476.41
F05385 -10.068  18.914 8.06e-17 6.88e-17 4.22e-17 19.21 -476.26
F05362  -9.825  19.211 1.07e-16 6.32e-17 4.66e-17 30.24 -476.23
F05358  -9.791  19.309 6.57e-17 4.02e-17 2.92e-17 23.38 -476.18
F05383  -9.720  19.611 1.25e-16 7.20e-17 5.14e-17 36.54 -476.11
F05356  -9.714  19.158 8.13e-17 6.66e-17 4.20e-17 22.36 -476.28
F05341  -9.695  18.807 6.76e-17 5.89e-17 3.72e-17 29.89 -476.24
F05375  -9.689  18.769 1.10e-16 6.46e-17 4.25e-17 26.69 -476.28
F05393  -9.671  18.839 8.08e-17 6.18e-17 3.75e-17 25.63 -476.35
F05352  -9.643  18.644 9.44e-17 5.68e-17 3.93e-17 22.82 -476.30
F05342  -9.630  18.452 6.82e-17 5.76e-17 3.98e-17 20.25 -476.26
F05337  -9.618  18.862 7.31e-17 5.32e-17 3.23e-17 19.45 -476.32
F05370  -9.609  18.847 9.24e-17 6.19e-17 4.52e-17 14.76 -476.27
F05353  -9.584  19.115 8.36e-17 7.33e-17 3.42e-17 35.59 -476.46
F05363  -9.579  18.603 1.08e-16 8.11e-17 4.25e-17 31.89 -476.51
F05350  -9.578  18.800 1.16e-16 7.29e-17 4.52e-17 32.37 -476.35
F05378  -9.567  18.116 7.32e-17 4.67e-17 3.61e-17 26.72 -476.32
F05366  -9.561  19.517 1.13e-16 8.01e-17 4.59e-17 19.91 -476.21
F05345  -9.554  19.083 9.56e-17 7.55e-17 4.47e-17 28.08 -476.26
F05376  -9.548  18.889 9.61e-17 5.82e-17 3.94e-17 20.44 -475.98
F05390  -9.533  19.012 9.22e-17 5.77e-17 3.98e-17 21.57 -476.30
F05349  -9.516  18.839 8.57e-17 5.58e-17 4.13e-17 28.20 -476.24
F05340  -9.513  18.734 1.05e-16 6.73e-17 4.60e-17 21.20 -476.22
F05388  -9.506  18.845 6.43e-17 4.76e-17 3.05e-17 19.39 -476.13
F05364  -9.503  18.838 8.37e-17 6.29e-17 3.78e-17 23.80 -476.38
F05394  -9.502  18.838 1.16e-16 7.04e-17 5.48e-17 23.43 -476.36
F05343  -9.500  18.835 1.06e-16 7.80e-17 3.85e-17 30.40 -476.18
F05391  -9.499  18.836 6.41e-17 4.55e-17 2.90e-17 25.27 -476.26
F05338  -9.494  18.832 9.95e-17 6.50e-17 4.12e-17 26.12 -476.28
F05374  -9.492  18.832 8.00e-17 5.07e-17 3.56e-17 29.79 -476.33
F05346  -9.491  19.732 6.69e-17 4.69e-17 2.66e-17 23.55 -476.11
F05384  -9.490  18.907 7.83e-17 5.12e-17 3.44e-17 26.05 -476.17
F05361  -9.488  18.835 8.52e-17 5.27e-17 3.42e-17 21.09 -476.32
F05334  -9.484  18.876 1.03e-16 7.23e-17 4.56e-17 23.50 -476.31
F05377  -9.479  18.807 1.06e-16 7.50e-17 4.02e-17 12.50 -476.27
F05387  -9.478  18.634 1.04e-16 7.11e-17 3.95e-17 17.58 -476.32
F05335  -9.473  18.834 7.68e-17 5.53e-17 3.18e-17 17.32 -476.34
F05351  -9.466  18.322 9.65e-17 6.23e-17 4.46e-17 19.78 -476.27
F05382  -9.465  18.906 9.42e-17 8.87e-17 5.37e-17 24.89 -476.43
F05380  -9.457  18.708 7.87e-17 5.97e-17 3.27e-17 20.37 -476.22
F05347  -9.455  18.817 8.91e-17 6.33e-17 4.56e-17 15.30 -476.10
F05369  -9.451  18.930 6.21e-17 5.11e-17 3.12e-17 28.32 -476.06
F05357  -9.439  18.892 7.12e-17 3.87e-17 2.56e-17 12.93 -476.28
F05336  -9.422  18.718 8.44e-17 5.94e-17 3.75e-17 13.36 -476.29
F05389  -9.413  18.751 8.60e-17 5.32e-17 3.35e-17 22.50 -476.34
F05381  -9.405  18.753 6.75e-17 5.21e-17 3.93e-17 21.59 -476.30
F05355  -9.400  18.684 6.66e-17 5.08e-17 3.38e-17 26.18 -476.30
F05371  -9.333  18.931 6.97e-17 4.52e-17 2.89e-17 19.82 -476.25
F05368  -9.316  18.658 9.51e-17 5.53e-17 3.96e-17 36.21 -476.27
F05333  -9.284  18.208 8.44e-17 4.31e-17 3.24e-17 19.69 -476.03
F05359  -9.278  18.953 8.38e-17 6.36e-17 3.89e-17 20.45 -476.34
F05373  -9.254  18.359 8.48e-17 5.85e-17 3.77e-17 47.22 -476.26
F05367  -9.236  18.956 6.99e-17 5.39e-17 3.29e-17 18.54 -476.19
F05379  -9.156  18.774 1.02e-16 6.62e-17 5.73e-17 21.69 -476.22
F05360  -9.099  18.773 9.60e-17 6.03e-17 4.10e-17 21.71 -476.16
F05344  -9.046  19.066 7.49e-17 5.12e-17 3.67e-17 24.04 -476.20
F05372  -8.976  18.419 8.21e-17 7.53e-17 4.09e-17 25.84 -476.25
F10478  -8.743  29.343 2.69e-17 2.11e-17 1.45e-17 14.48 -803.94
F05354  -8.735  19.855 1.06e-16 7.75e-17 4.60e-17 13.40 -476.21
F10462  -8.590  29.246 3.29e-17 2.41e-17 1.68e-17 14.04 -803.83
F10457  -8.378  29.022 3.40e-17 2.27e-17 1.39e-17 10.90 -804.01
F10454  -8.372  28.830 3.15e-17 1.96e-17 1.39e-17 17.49 -803.70
F10467  -8.360  28.963 3.43e-17 2.11e-17 1.55e-17 16.58 -803.87
F10481  -8.351  29.137 3.18e-17 2.62e-17 1.65e-17 18.87 -804.07
F10479  -8.346  28.949 2.80e-17 1.70e-17 1.11e-17 16.66 -804.04
F10451  -8.322  29.019 2.32e-17 1.70e-17 1.23e-17 10.53 -803.86
F10483  -8.316  28.970 2.69e-17 2.21e-17 1.59e-17 10.83 -803.82
F10489  -8.308  28.585 3.41e-17 2.34e-17 1.43e-17  8.41 -803.92
F10470  -8.306  28.991 2.59e-17 2.27e-17 1.05e-17 10.71 -803.93
F10480  -8.296  28.982 2.54e-17 1.80e-17 1.47e-17 14.35 -803.69
F10474  -8.286  28.970 3.04e-17 1.65e-17 1.35e-17 11.70 -803.67
F10486  -8.285  28.999 3.63e-17 2.53e-17 1.41e-17 15.04 -803.73
F10449  -8.282  28.973 3.19e-17 2.20e-17 1.23e-17 18.27 -803.72
F10448  -8.281  28.965 1.85e-17 1.41e-17 1.01e-17 15.26 -803.81
F10453  -8.280  28.992 3.35e-17 2.55e-17 1.54e-17 11.41 -803.82
F10459  -8.279  28.993 3.19e-17 2.25e-17 1.40e-17 17.33 -803.85
F10487  -8.279  28.994 3.56e-17 2.23e-17 1.66e-17 13.73 -803.90
F10465  -8.277  29.000 2.91e-17 1.85e-17 1.26e-17 13.81 -803.81
F10461  -8.276  28.991 3.34e-17 2.65e-17 1.36e-17 10.23 -803.79
F10468  -8.276  29.071 2.06e-17 1.73e-17 9.83e-18 13.37 -803.65
F10469  -8.275  29.050 2.92e-17 2.00e-17 1.27e-17 16.79 -803.86
F10475  -8.272  28.983 2.21e-17 1.45e-17 8.73e-18 13.66 -803.98
F10463  -8.271  29.087 3.57e-17 1.84e-17 1.35e-17 17.36 -803.84
F10473  -8.269  29.035 2.43e-17 1.82e-17 1.16e-17 19.92 -803.69
F10464  -8.267  28.996 3.18e-17 2.43e-17 1.65e-17 13.40 -803.86
F10452  -8.262  29.125 2.58e-17 1.76e-17 1.26e-17 12.48 -803.81
F10456  -8.260  29.362 2.48e-17 1.76e-17 1.27e-17 12.27 -803.76
F10488  -8.254  28.890 2.08e-17 1.63e-17 1.01e-17 11.66 -803.81
F10477  -8.235  28.960 3.35e-17 1.89e-17 1.42e-17 14.66 -803.61
F10460  -8.229  29.030 3.03e-17 2.53e-17 1.50e-17 15.30 -803.62
F10458  -8.216  28.950 3.70e-17 2.48e-17 1.57e-17  9.41 -803.75
F10485  -8.207  29.029 2.35e-17 1.74e-17 1.09e-17 13.70 -803.68
F10466  -8.202  28.983 2.95e-17 2.28e-17 1.45e-17 15.36 -803.76
F10472  -8.199  28.958 3.51e-17 2.32e-17 1.60e-17 12.31 -803.68
F10482  -8.161  29.006 2.97e-17 1.85e-17 1.41e-17 16.21 -803.72
F10484  -8.138  28.988 2.60e-17 2.11e-17 1.34e-17 14.90 -803.85
F10476  -8.127  29.012 3.31e-17 2.29e-17 1.53e-17 13.82 -803.64
F10491  -8.113  28.831 2.75e-17 1.69e-17 1.13e-17 10.46 -804.05
F10450  -8.108  28.836 1.91e-17 1.29e-17 8.89e-18 11.87 -803.77
F10490  -8.106  28.826 2.42e-17 1.77e-17 1.25e-17 12.05 -803.68
F10471  -8.061  28.852 2.89e-17 1.95e-17 1.31e-17 15.42 -803.81
F10455  -7.963  28.964 2.60e-17 2.21e-17 1.23e-17 12.11 -803.85
F05024  -6.036  17.185 5.85e-17 3.88e-17 3.03e-17 22.73 -606.25
F05023  -5.874  16.619 4.98e-17 3.63e-17 2.70e-17 22.71 -606.27
F05025  -5.828  16.881 6.19e-17 4.05e-17 2.84e-17 24.28 -606.19
F04197  -0.354  19.830 1.91e-17 1.24e-17 8.21e-18 13.00 -1078.33
F04204  -0.264  20.613 1.61e-17 1.26e-17 8.19e-18 12.20 -1078.23
F04213  -0.120  20.375 2.41e-17 1.41e-17 9.24e-18 11.05 -1078.69
F07890  -0.104  18.027 1.97e-17 1.77e-17 9.61e-18 15.70 -872.14
F07878  -0.067  18.349 2.54e-17 2.36e-17 1.21e-17 13.56 -872.22
F04193  -0.063  20.320 2.00e-17 1.49e-17 8.31e-18  9.66 -1078.53
F07868  -0.012  17.580 2.57e-17 1.94e-17 1.27e-17 11.11 -872.13
