name x y flux0 flux1 flux2 width rv
F01946  32.259  37.281 9.21e-17 6.84e-17 4.28e-17 33.41 -397.47
F01951  32.870  36.945 1.23e-16 8.50e-17 5.62e-17 26.40 -397.55
F01914  32.977  37.653 1.50e-16 8.74e-17 5.80e-17 33.64 -397.40
F01930  33.063  36.700 1.39e-16 1.03e-16 6.12e-17 36.89 -397.28
F01925  33.170  38.262 1.17e-16 7.19e-17 5.17e-17 26.99 -397.28
F01958  33.220  37.788 1.61e-16 1.06e-16 5.72e-17 18.28 -397.36
F01926  33.261  37.576 1.26e-16 8.97e-17 5.97e-17 39.62 -397.42
F01933  33.313  37.701 1.53e-16 9.90e-17 6.60e-17 30.22 -397.42
F01949  33.319  37.307 1.40e-16 1.01e-16 6.44e-17 33.64 -397.19
F01927  33.354  38.047 1.13e-16 7.47e-17 4.39e-17 35.06 -397.35
F01940  33.357  37.796 1.44e-16 1.03e-16 6.92e-17 34.35 -397.46
F01947  33.422  38.272 1.17e-16 8.77e-17 5.19e-17 20.65 -397.38
F01928  33.427  37.467 1.33e-16 1.06e-16 6.71e-17 20.71 -397.47
F01917  33.429  38.472 1.35e-16 9.30e-17 5.99e-17 24.86 -397.22
F01943  33.438  37.700 1.58e-16 1.16e-16 6.56e-17 21.99 -397.37
F01936  33.493  37.753 1.04e-16 6.59e-17 4.86e-17 31.18 -397.29
F01955  33.565  37.813 1.06e-16 8.36e-17 4.87e-17 35.55 -397.41
F01954  33.595  37.963 1.32e-16 8.73e-17 5.42e-17 31.98 -397.33
F01912  33.607  37.766 1.39e-16 9.62e-17 6.05e-17 41.56 -397.30
F01937  33.613  38.048 1.21e-16 7.75e-17 5.06e-17 33.10 -397.40
F01918  33.638  37.883 1.02e-16 7.09e-17 4.80e-17 30.26 -397.30
F01924  33.640  37.877 8.12e-17 6.55e-17 4.40e-17 27.24 -397.45
F01916  33.641  37.866 1.38e-16 9.72e-17 6.64e-17 22.00 -397.15
F01913  33.645  38.179 1.47e-16 1.21e-16 6.74e-17 17.38 -397.36
F01929  33.645  37.877 9.48e-17 6.89e-17 4.72e-17 16.04 -397.50
F01915  33.650  37.873 1.43e-16 1.04e-16 7.46e-17 24.15 -397.23
F01923  33.651  37.860 6.87e-17 5.13e-17 2.93e-17 33.09 -397.35
F01932  33.651  37.856 1.54e-16 1.02e-16 6.21e-17 29.01 -397.51
F01921  33.652  37.382 1.35e-16 1.05e-16 5.79e-17 25.15 -397.45
F01960  33.654  37.873 8.35e-17 5.12e-17 4.03e-17 30.22 -397.34
F01959  33.655  37.330 1.15e-16 7.35e-17 5.13e-17 20.62 -397.38
F01934  33.684  37.829 1.48e-16 1.06e-16 5.93e-17 27.55 -397.44
F01945  33.698  37.980 1.10e-16 6.87e-17 4.73e-17 24.54 -397.58
F01941  33.698  37.881 1.81e-16 1.18e-16 8.28e-17 29.17 -397.38
F01931  33.707  38.000 1.39e-16 9.54e-17 7.23e-17 25.73 -397.36
F01919  33.711  38.188 1.15e-16 7.65e-17 4.93e-17 28.26 -397.30
F01957  33.714  38.063 1.53e-16 1.10e-16 6.82e-17 18.28 -397.28
F01953  33.719  37.737 9.05e-17 7.69e-17 4.52e-17 33.18 -397.36
F01920  33.721  37.908 1.40e-16 1.04e-16 6.90e-17 36.63 -397.52
F01952  33.722  37.293 1.15e-16 7.40e-17 4.75e-17 25.39 -397.59
F01942  33.768  37.768 1.36e-16 9.69e-17 7.33e-17 30.12 -397.31
F01944  33.776  37.628 1.64e-16 9.28e-17 7.19e-17 16.15 -397.22
F01935  33.792  37.878 1.31e-16 7.48e-17 4.79e-17 37.96 -397.21
F01956  33.806  37.960 9.91e-17 6.62e-17 4.43e-17 21.84 -397.52
F01922  33.830  37.978 9.36e-17 6.41e-17 4.04e-17 24.79 -397.34
F01911  33.847  37.879 1.26e-16 8.43e-17 6.21e-17 25.57 -397.24
F01938  33.964  38.121 8.86e-17 6.07e-17 4.74e-17 25.05 -397.61
F01939  34.031  38.217 1.24e-16 8.81e-17 5.93e-17 39.73 -397.31
F01948  34.096  37.670 1.49e-16 9.45e-17 6.78e-17 35.35 -397.49
F01950  34.774  37.679 1.22e-16 1.09e-16 6.64e-17 27.41 -397.31
F05148  44.698  33.271 1.95e-16 1.44e-16 1.04e-16 38.72 -296.40
