name x y flux1 flux2 flux3 par rv
P04169  30.111  35.934 1.66e-15 1.19e-15 7.43e-16   0.005   -3.14
P01899  30.142  40.753 6.63e-16 5.88e-16 4.36e-16   0.006   -3.50
P03150  30.536  39.461 1.45e-16 1.58e-16 1.23e-16   0.005   -4.43
P09156  30.526  36.626 2.06e-15 1.58e-15 9.03e-16   0.004   -4.11
P05676  30.750  39.330 9.72e-15 5.88e-15 3.33e-15   0.004   -4.42
P07945  31.247  35.166 1.19e-16 1.17e-16 9.44e-17   0.003   -2.75
P01112  31.689  43.296 6.35e-12 3.55e-12 1.86e-12   0.004   -3.98
P07053  32.152  39.559 3.06e-15 2.10e-15 1.29e-15   0.004   -4.40
P04650  32.464  40.657 4.17e-14 2.29e-14 1.14e-14   0.004   -0.96
P06982  32.548  41.660 6.45e-17 7.63e-17 7.02e-17   0.003   -4.51
P06665  34.258  41.316 6.53e-14 3.61e-14 1.71e-14   0.005   -4.60
P03204  34.355  39.049 3.00e-16 2.69e-16 2.09e-16   0.002   -3.97
P02823  35.317  37.920 1.18e-12 6.04e-13 2.78e-13   0.003   -2.88
P06317  35.865  40.853 2.79e-14 1.40e-14 7.92e-15   0.004   -4.31
P03778  36.582  40.665 1.94e-13 1.02e-13 4.16e-14   0.004   -3.94
P03895  37.763  43.955 4.12e-15 2.59e-15 1.53e-15   0.003   -4.69
P08273  38.938  44.039 4.29e-12 2.90e-12 1.77e-12   0.003   -4.11
P09090  39.532  43.998 3.45e-14 1.86e-14 8.46e-15   0.003   -4.10
