name x y flux0 flux1 flux2 width rv
F11009 -12.604   9.575 1.15e-16 7.27e-17 4.31e-17 24.02 -463.69
F11004 -12.046  10.211 9.50e-17 5.18e-17 5.13e-17 31.93 -463.84
F11018 -12.025  10.142 7.40e-17 5.50e-17 2.61e-17 22.77 -463.87
F11020 -11.954  10.078 8.06e-17 5.51e-17 3.84e-17 21.67 -463.85
F11000 -11.953   9.861 5.96e-17 4.99e-17 2.89e-17 21.09 -464.07
F10998 -11.902   9.625 1.06e-16 6.57e-17 4.27e-17 23.06 -464.04
F11002 -11.826  10.085 9.15e-17 6.19e-17 4.09e-17 28.88 -463.85
F11007 -11.820  10.195 9.21e-17 5.43e-17 3.54e-17 30.29 -463.93
F11001 -11.808   9.997 8.07e-17 4.90e-17 3.07e-17 20.55 -463.81
F11010 -11.803  10.058 9.05e-17 6.19e-17 4.14e-17 22.42 -463.70
F11026 -11.801   9.995 1.28e-16 7.36e-17 4.46e-17 34.43 -463.86
F10997 -11.798  10.010 8.43e-17 6.63e-17 4.14e-17 27.89 -463.74
F11006 -11.795   9.985 7.66e-17 4.79e-17 3.86e-17 26.69 -463.96
F10996 -11.790  10.041 8.86e-17 5.60e-17 3.80e-17 15.05 -464.07
F11025 -11.788   9.951 7.27e-17 6.55e-17 3.82e-17 28.10 -463.79
F11012 -11.785   9.979 6.06e-17 4.71e-17 3.36e-17 19.33 -464.04
F11005 -11.785   9.929 9.56e-17 6.59e-17 3.86e-17 16.79 -463.99
F11029 -11.782   9.989 1.01e-16 8.06e-17 4.35e-17 23.87 -464.00
F10999 -11.780   9.997 1.01e-16 5.71e-17 3.94e-17 24.12 -464.03
F11014 -11.780   9.999 8.55e-17 5.60e-17 4.08e-17 10.83 -463.65
F11011 -11.780  10.010 9.35e-17 5.80e-17 5.58e-17 19.72 -463.86
F11003 -11.779   9.992 8.13e-17 7.12e-17 4.17e-17 25.13 -463.92
F11032 -11.774   9.995 8.57e-17 7.44e-17 4.41e-17 25.65 -463.74
F11023 -11.770   9.954 6.03e-17 5.11e-17 3.32e-17 25.94 -463.88
F11017 -11.766   9.891 8.42e-17 5.73e-17 4.13e-17 20.32 -464.02
F11016 -11.749  10.188 9.59e-17 6.24e-17 4.60e-17 19.27 -463.75
F11015 -11.743   9.995 8.51e-17 6.73e-17 4.16e-17 32.95 -463.94
F11008 -11.742  10.018 9.64e-17 7.54e-17 5.22e-17 25.66 -463.86
F11019 -11.689   9.986 1.22e-16 8.20e-17 5.36e-17 29.90 -463.90
F11028 -11.663  10.129 1.11e-16 8.46e-17 5.44e-17 19.33 -463.80
F11027 -11.651   9.875 9.94e-17 6.70e-17 4.80e-17 23.89 -463.80
F11022 -11.640   9.984 6.94e-17 5.97e-17 3.56e-17 24.93 -463.97
F11024 -11.637   9.944 8.81e-17 6.71e-17 4.43e-17 23.45 -463.93
F11021 -11.609  10.102 9.45e-17 6.71e-17 4.08e-17 26.70 -463.82
F11030 -11.509  10.101 6.20e-17 4.96e-17 2.76e-17 21.69 -464.05
F11013 -11.507   9.697 9.10e-17 7.08e-17 4.65e-17 15.03 -463.84
F11031 -11.264   9.478 1.34e-16 7.91e-17 5.75e-17 21.87 -463.84
