name x y flux0 flux1 flux2 width rv
F00044   0.196  44.118 2.11e-16 1.35e-16 9.34e-17 37.73 -308.77
F00039   1.025  44.726 1.79e-16 1.41e-16 8.44e-17 53.87 -308.87
F00042   1.095  44.889 2.30e-16 1.53e-16 9.21e-17 22.35 -308.88
F00046   1.111  44.792 2.11e-16 1.50e-16 1.11e-16 33.11 -308.74
F00045   1.118  44.814 2.24e-16 1.59e-16 9.26e-17 35.15 -308.81
F00040   1.118  44.929 2.18e-16 1.36e-16 9.80e-17 35.29 -308.74
F00037   1.284  44.945 2.06e-16 1.58e-16 1.04e-16 38.72 -308.64
F00038   1.326  44.696 1.80e-16 1.32e-16 9.00e-17 32.15 -308.73
F00043   1.577  44.359 1.80e-16 1.11e-16 6.69e-17 35.94 -308.78
F00047   1.698  44.214 2.55e-16 1.75e-16 1.23e-16 25.82 -308.66
F09846   3.977  44.484 2.54e-17 1.77e-17 1.06e-17 12.81 -756.54
F09835   4.585  44.825 2.99e-17 2.39e-17 1.42e-17 12.62 -756.76
F09854   4.618  44.603 3.49e-17 2.42e-17 1.74e-17 21.87 -756.71
F09838   4.673  44.401 3.31e-17 2.20e-17 1.49e-17 17.54 -756.76
F09842   4.734  44.778 3.29e-17 2.27e-17 1.42e-17  9.61 -756.65
F09831   4.754  44.385 3.20e-17 2.29e-17 1.55e-17 15.47 -756.55
F09843   4.767  44.407 3.09e-17 2.18e-17 1.51e-17 16.40 -756.73
F09858   4.773  44.441 2.76e-17 1.92e-17 1.35e-17  9.53 -756.59
F09857   4.790  44.561 3.45e-17 2.03e-17 1.45e-17 16.45 -756.68
F09847   4.831  44.498 2.97e-17 2.20e-17 1.45e-17 25.45 -756.92
F09841   4.845  44.439 3.88e-17 2.58e-17 1.75e-17 14.61 -756.73
F09832   4.855  44.431 3.47e-17 2.52e-17 1.55e-17 11.65 -756.66
F09849   4.877  44.437 3.00e-17 1.87e-17 1.29e-17  9.19 -756.52
F09851   4.884  44.616 3.52e-17 2.47e-17 1.62e-17 17.85 -756.75
F09859   4.886  44.432 4.45e-17 2.70e-17 1.87e-17 12.89 -756.60
F09839   4.899  44.446 3.66e-17 2.60e-17 1.76e-17  7.86 -756.66
F09836   4.900  44.422 3.50e-17 2.42e-17 1.54e-17 19.31 -756.70
F09848   4.902  44.437 4.09e-17 2.80e-17 1.61e-17 10.15 -756.83
F09861   4.906  44.447 3.35e-17 2.69e-17 1.49e-17 13.93 -756.78
F09862   4.911  44.360 3.84e-17 3.14e-17 1.76e-17 18.44 -756.60
F09850   4.918  44.505 4.30e-17 2.76e-17 1.93e-17 12.30 -756.60
F09856   4.921  44.443 3.40e-17 2.29e-17 1.31e-17 14.98 -756.68
F09845   4.922  44.449 3.00e-17 2.18e-17 1.34e-17 16.33 -756.57
F09844   4.935  44.495 2.79e-17 1.89e-17 1.19e-17 18.55 -756.73
F09853   4.938  44.539 3.50e-17 2.38e-17 1.54e-17 10.11 -756.71
F09855   4.952  44.285 2.38e-17 1.84e-17 9.76e-18 10.75 -756.76
F09834   4.952  44.405 4.23e-17 3.19e-17 2.16e-17 15.58 -756.91
F09837   4.970  44.486 2.55e-17 1.96e-17 1.21e-17 11.47 -756.77
F09830   4.977  44.394 2.90e-17 1.92e-17 1.26e-17 13.13 -756.68
F09833   4.982  44.366 3.93e-17 2.66e-17 1.80e-17 21.27 -756.73
F09860   4.991  44.536 4.65e-17 3.08e-17 1.76e-17 13.99 -756.77
F09852   5.008  44.264 2.62e-17 1.84e-17 1.16e-17 10.43 -756.81
F09840   5.045  44.583 3.43e-17 2.14e-17 1.41e-17 16.62 -756.66
F03857   5.576  42.049 2.00e-17 1.41e-17 8.77e-18 18.92 -914.18
F03843   5.748  42.425 2.02e-17 1.35e-17 9.41e-18 13.67 -914.00
F03858   5.779  42.314 2.36e-17 1.64e-17 1.09e-17 14.80 -914.02
F03839   5.800  42.495 2.03e-17 1.63e-17 1.11e-17  9.43 -914.10
F03848   5.812  42.295 2.27e-17 1.59e-17 8.75e-18 10.26 -914.13
F03845   5.863  42.382 2.94e-17 2.25e-17 1.40e-17 11.06 -914.16
F03853   5.870  42.353 2.24e-17 1.43e-17 9.67e-18  9.27 -914.16
F03856   5.882  42.382 2.87e-17 2.24e-17 1.27e-17 12.34 -914.14
F03855   5.895  42.360 2.31e-17 1.62e-17 1.10e-17  7.27 -914.12
F03842   5.909  42.331 1.83e-17 1.28e-17 8.47e-18 10.23 -914.11
F03844   5.910  42.283 2.94e-17 2.31e-17 1.26e-17  8.04 -913.99
F03860   5.912  42.115 2.48e-17 1.81e-17 1.15e-17 12.14 -914.10
F03841   5.918  42.362 2.79e-17 1.60e-17 1.28e-17 16.94 -914.12
F03859   5.918  42.333 1.68e-17 1.25e-17 9.28e-18 14.20 -914.13
F03838   5.924  42.333 2.49e-17 1.66e-17 1.17e-17 14.23 -914.37
F03849   5.924  42.667 2.58e-17 1.74e-17 1.38e-17 22.85 -914.08
F03837   5.929  42.314 2.12e-17 1.56e-17 8.58e-18 16.29 -914.16
F03836   5.940  42.226 2.48e-17 1.83e-17 1.21e-17 12.56 -914.23
F03854   5.952  42.031 2.78e-17 1.93e-17 1.12e-17  6.85 -914.05
F03847   5.964  42.323 2.39e-17 1.47e-17 1.04e-17 11.84 -914.19
F03862   5.967  42.336 2.03e-17 1.42e-17 1.03e-17  8.40 -914.19
F03851   5.971  42.279 2.62e-17 1.68e-17 1.34e-17  4.94 -914.08
F03852   5.985  42.368 2.43e-17 1.77e-17 1.06e-17 10.86 -914.10
F03840   6.002  42.344 2.85e-17 1.93e-17 1.27e-17  9.44 -914.09
F03861   6.110  42.394 2.52e-17 1.55e-17 1.13e-17 16.48 -914.19
F03850   6.113  42.276 2.23e-17 1.42e-17 1.08e-17 10.07 -914.35
F11868   7.359  37.999 2.13e-17 1.69e-17 9.07e-18 12.83 -868.93
F11884   7.403  37.982 2.48e-17 1.74e-17 1.17e-17 10.70 -869.08
F11878   7.444  37.959 2.75e-17 1.97e-17 1.32e-17 10.98 -869.09
F11883   7.528  37.835 3.66e-17 2.52e-17 1.71e-17 15.96 -868.99
F11863   7.563  37.898 3.06e-17 1.83e-17 1.42e-17 11.40 -868.88
F11867   7.590  37.809 2.91e-17 2.02e-17 1.17e-17 14.47 -869.08
F11864   7.591  37.919 3.01e-17 2.14e-17 1.33e-17 16.75 -868.96
F11879   7.616  38.055 2.31e-17 1.77e-17 1.20e-17 12.17 -869.03
F11877   7.630  37.849 2.02e-17 1.25e-17 8.83e-18 17.06 -868.78
F11881   7.665  37.906 1.96e-17 1.31e-17 8.39e-18 16.83 -869.03
F11865   7.672  37.923 2.64e-17 1.63e-17 1.06e-17 13.09 -868.99
F11870   7.687  37.726 3.07e-17 2.08e-17 1.46e-17  9.45 -869.08
F11862   7.688  37.918 2.40e-17 1.64e-17 1.14e-17 14.74 -868.86
F11869   7.692  37.915 1.81e-17 1.21e-17 8.75e-18 11.99 -869.13
F11876   7.696  37.834 1.94e-17 1.26e-17 9.96e-18  7.51 -869.08
F11885   7.697  37.800 2.37e-17 1.85e-17 1.27e-17 17.58 -868.97
F11873   7.704  37.900 3.11e-17 2.09e-17 1.38e-17  8.76 -868.95
F11866   7.709  37.932 1.83e-17 1.28e-17 8.55e-18 10.24 -868.82
F11872   7.712  37.963 2.14e-17 1.70e-17 1.13e-17 14.08 -869.17
F11875   7.724  37.920 3.19e-17 2.18e-17 1.42e-17 16.78 -868.90
F11880   7.734  38.179 1.93e-17 1.42e-17 9.28e-18  7.77 -868.98
F11871   7.734  38.112 3.18e-17 2.28e-17 1.40e-17 15.30 -868.89
F11874   7.767  37.842 3.10e-17 2.23e-17 1.11e-17  7.79 -868.86
F11861   7.795  37.991 1.98e-17 1.20e-17 7.71e-18 13.31 -869.08
F11882   7.852  37.920 2.01e-17 1.61e-17 9.56e-18 11.35 -869.03
F10254   9.546  38.739 1.46e-17 1.26e-17 7.53e-18  6.20 -976.08
F10258   9.763  38.542 2.67e-17 1.82e-17 1.10e-17 10.48 -976.17
F10260   9.842  38.868 2.06e-17 1.37e-17 9.49e-18  9.99 -976.12
F10236   9.843  38.805 1.94e-17 1.43e-17 8.03e-18 18.25 -975.90
F10234   9.901  38.839 2.32e-17 1.56e-17 1.02e-17  8.21 -976.21
F10257   9.905  38.828 1.56e-17 1.17e-17 8.48e-18 16.69 -976.14
F10263   9.911  38.879 2.72e-17 1.76e-17 1.25e-17 13.37 -976.25
F10249   9.913  38.820 2.17e-17 1.48e-17 9.11e-18  5.29 -976.06
F10259   9.937  38.830 1.83e-17 1.26e-17 8.12e-18 15.70 -976.14
F10241   9.937  38.800 2.02e-17 1.06e-17 7.68e-18 16.08 -976.01
F10238   9.941  38.812 1.69e-17 1.15e-17 8.03e-18 13.70 -976.12
F10243   9.942  38.918 2.58e-17 1.50e-17 1.12e-17 10.10 -976.23
F10253   9.944  38.820 2.42e-17 1.80e-17 1.22e-17 19.86 -976.17
F10256   9.945  38.816 2.06e-17 1.56e-17 8.55e-18 11.75 -976.01
F10244   9.957  38.790 2.07e-17 1.33e-17 9.40e-18 11.82 -976.30
F10242   9.957  38.789 1.59e-17 1.16e-17 7.14e-18 12.30 -976.33
F10248   9.965  38.810 2.23e-17 1.43e-17 9.41e-18 12.80 -976.09
F10252   9.968  38.838 2.03e-17 1.29e-17 7.99e-18 12.61 -976.15
F10262   9.976  38.800 1.85e-17 1.35e-17 9.25e-18 12.22 -976.18
F10250   9.981  38.863 2.56e-17 1.92e-17 1.11e-17  7.78 -976.07
F10245   9.984  38.820 2.06e-17 1.46e-17 8.57e-18  7.47 -976.33
F10265   9.995  38.683 1.85e-17 1.38e-17 8.83e-18  8.88 -976.12
F10235  10.000  38.931 1.66e-17 1.27e-17 8.77e-18 14.33 -976.05
F10266  10.014  38.887 2.19e-17 1.47e-17 9.65e-18 15.09 -976.14
F10239  10.015  38.779 2.03e-17 1.63e-17 1.01e-17 15.03 -976.19
F10246  10.058  39.073 1.94e-17 1.63e-17 8.92e-18 11.47 -976.14
F10261  10.075  38.713 1.96e-17 1.79e-17 9.30e-18  6.90 -975.98
F10251  10.087  38.721 1.55e-17 1.30e-17 7.02e-18  8.84 -976.12
F10233  10.103  38.745 2.33e-17 1.43e-17 8.87e-18 12.84 -976.12
F10240  10.145  38.799 1.52e-17 1.07e-17 6.92e-18 11.39 -976.18
F11926  10.207  34.325 6.56e-17 4.15e-17 3.26e-17 19.04 -538.88
F10264  10.253  38.963 2.21e-17 1.69e-17 9.54e-18  7.61 -976.35
F10247  10.299  38.893 2.01e-17 1.20e-17 8.07e-18  6.08 -975.99
F11906  10.448  33.599 6.34e-17 4.58e-17 3.02e-17 15.72 -539.06
F11916  10.581  33.463 6.72e-17 5.07e-17 3.33e-17 22.38 -539.18
F11919  10.717  33.551 5.76e-17 4.56e-17 2.97e-17 31.07 -539.21
F10237  10.718  38.850 1.66e-17 1.17e-17 8.42e-18 11.32 -976.08
F11927  10.738  33.553 4.28e-17 3.30e-17 2.31e-17 27.39 -539.11
F11886  10.762  33.588 6.49e-17 4.71e-17 2.67e-17 23.61 -539.22
F11918  10.763  33.577 8.35e-17 5.49e-17 3.85e-17 24.98 -539.14
F11893  10.789  33.832 6.99e-17 5.32e-17 3.65e-17 14.59 -539.12
F11920  10.804  33.458 6.90e-17 4.77e-17 3.08e-17 22.40 -539.12
F11905  10.814  33.640 5.19e-17 3.72e-17 2.41e-17 17.88 -539.12
F11929  10.833  33.516 8.24e-17 5.82e-17 3.40e-17 13.42 -538.93
F11904  10.838  33.593 7.72e-17 5.64e-17 3.82e-17 26.96 -539.25
F11913  10.851  33.609 7.28e-17 5.78e-17 3.95e-17 16.04 -539.19
F11900  10.857  33.628 5.15e-17 3.94e-17 2.73e-17 35.75 -539.25
F11909  10.870  33.574 6.64e-17 4.11e-17 2.68e-17 15.47 -539.00
F11889  10.872  33.608 5.03e-17 4.84e-17 2.87e-17 10.23 -539.18
F11907  10.875  33.573 4.44e-17 3.17e-17 2.04e-17 27.75 -539.14
F11890  10.877  33.642 6.24e-17 3.84e-17 2.70e-17 17.26 -538.97
F11887  10.880  33.659 5.45e-17 3.95e-17 2.54e-17 19.06 -539.00
F11892  10.882  33.570 7.05e-17 5.19e-17 3.00e-17 16.31 -539.05
F11895  10.885  33.564 6.52e-17 4.79e-17 2.71e-17 16.70 -539.13
F11930  10.895  33.564 6.07e-17 4.33e-17 3.04e-17 23.69 -539.25
F11888  10.899  33.567 6.45e-17 4.77e-17 2.78e-17 19.20 -539.05
F11911  10.909  33.495 6.67e-17 4.66e-17 2.80e-17 23.55 -539.02
F11912  10.911  33.562 7.43e-17 4.95e-17 3.27e-17 21.70 -539.17
F11910  10.915  33.546 6.69e-17 5.51e-17 3.42e-17 21.71 -539.14
F11914  10.932  33.600 8.34e-17 6.10e-17 4.01e-17 23.33 -539.13
F11899  10.952  33.580 6.13e-17 3.94e-17 2.32e-17 17.97 -538.90
F11902  10.968  33.836 7.13e-17 5.50e-17 3.36e-17 26.64 -539.16
F11917  10.969  33.683 4.94e-17 3.44e-17 2.43e-17 15.28 -539.24
F11894  10.975  34.069 8.61e-17 5.69e-17 4.23e-17 14.12 -539.07
F11921  11.011  33.684 6.37e-17 4.71e-17 3.26e-17 17.39 -539.30
F11908  11.023  33.631 6.67e-17 5.13e-17 3.47e-17 17.88 -539.12
F11903  11.025  33.674 7.45e-17 5.01e-17 3.39e-17 23.16 -539.25
F11923  11.026  33.358 6.40e-17 4.29e-17 2.86e-17 15.20 -539.13
F11922  11.053  33.714 7.05e-17 5.48e-17 3.07e-17 21.13 -539.03
F11924  11.060  33.649 6.68e-17 4.62e-17 3.38e-17 17.92 -538.84
F11896  11.060  33.918 7.33e-17 5.88e-17 3.66e-17 21.71 -539.17
F11925  11.132  33.267 4.87e-17 3.18e-17 2.26e-17 17.57 -538.96
F11898  11.132  33.457 5.69e-17 4.09e-17 2.90e-17 30.36 -539.02
F11928  11.182  33.769 6.42e-17 4.53e-17 3.27e-17 24.49 -539.03
F11897  11.195  33.930 5.52e-17 3.78e-17 2.55e-17 18.47 -539.16
F11915  11.300  33.458 8.41e-17 5.43e-17 3.53e-17 12.95 -539.11
F11891  11.414  33.531 7.57e-17 5.13e-17 3.77e-17 24.19 -539.31
F11901  11.698  33.653 8.52e-17 5.73e-17 3.60e-17 21.31 -539.16
F00284  13.155  40.354 1.48e-15 9.44e-16 5.61e-16 112.92 -121.48
