name x y flux1 flux2 flux3 par rv
P05621   0.113  32.281 3.41e-17 2.35e-17 1.53e-17   0.001   -1.83
P07772   0.108  33.381 4.40e-16 2.49e-16 1.24e-16   0.000   -0.62
P00932   0.056  33.625 3.13e-15 1.56e-15 6.96e-16   0.001   -0.36
P07464   0.147  32.554 6.89e-16 3.66e-16 1.92e-16   0.001   -1.84
P05949   0.246  34.611 1.20e-16 7.61e-17 4.37e-17   0.000   -0.38
P05774   0.130  34.174 2.35e-16 1.42e-16 7.53e-17   0.001   -0.14
P00369   0.335  33.125 3.23e-15 1.63e-15 7.15e-16   0.001   -1.34
P01134   0.428  34.080 1.77e-17 3.13e-17 3.83e-17   0.008   -1.97
P05270   0.529  33.904 3.24e-17 2.38e-17 1.49e-17  -0.000   -0.35
P04424   0.427  34.121 3.53e-17 2.64e-17 1.71e-17   0.000   -0.52
P01979   0.557  33.563 2.95e-16 1.78e-16 8.88e-17   0.000   -0.49
P07093   0.551  33.507 1.83e-17 1.35e-17 9.26e-18   0.000   -0.84
P10416   0.570  34.307 6.51e-14 3.60e-14 1.76e-14   0.001   -0.64
P09430   0.699  33.218 4.80e-15 2.31e-15 9.91e-16   0.000   -1.58
P00389   0.791  35.210 1.27e-15 1.12e-15 8.08e-16   0.006   -1.98
P01095   0.727  33.838 1.53e-16 1.02e-16 5.61e-17   0.000   -0.81
P05050   0.707  32.369 1.40e-15 7.18e-16 3.27e-16  -0.001   -2.57
P08277   0.984  34.588 1.96e-17 1.62e-17 1.06e-17   0.000   -1.12
P02223   0.996  33.329 3.44e-15 1.83e-15 8.58e-16  -0.001   -1.58
P09378   0.721  34.081 5.39e-15 2.57e-15 1.16e-15   0.001   -1.00
P02441   0.954  33.497 2.41e-17 1.83e-17 1.18e-17   0.001   -1.24
P07254   0.921  33.372 7.26e-16 4.22e-16 2.13e-16   0.000   -1.53
P00170   1.005  34.020 1.06e-16 7.31e-17 3.99e-17  -0.000   -1.11
P07370   0.942  33.392 3.59e-17 2.57e-17 1.65e-17   0.003   -1.70
P05976   0.979  33.493 2.29e-16 1.52e-16 7.04e-17   0.000   -1.25
P03879   1.070  33.678 5.40e-14 2.95e-14 1.46e-14  -0.003   -1.23
P01746   0.996  33.538 1.12e-17 1.01e-17 7.16e-18   0.002   -1.44
P02497   1.024  33.437 4.20e-15 2.06e-15 9.03e-16   0.000   -2.03
P03884   1.103  35.830 2.04e-16 1.28e-16 6.91e-17  -0.000   -1.35
P03176   1.125  33.415 9.54e-17 6.19e-17 3.64e-17  -0.001   -1.78
P00268   1.054  33.505 1.61e-15 8.77e-16 4.20e-16  -0.001   -1.43
P07815   1.103  33.708 3.90e-14 1.99e-14 9.16e-15   0.003   -1.45
P06625   1.113  33.477 3.40e-14 1.75e-14 7.64e-15   0.002   -1.66
P10459   1.220  33.376 1.15e-16 7.27e-17 4.22e-17   0.002   -2.52
P06759   1.083  33.876 2.35e-15 1.20e-15 5.65e-16   0.002   -1.62
P08228   1.090  33.871 7.22e-14 7.34e-14 5.99e-14  -0.000   -1.33
P02355   0.979  33.466 1.87e-17 1.42e-17 9.52e-18   0.003   -2.50
P07477   1.160  33.658 2.43e-17 1.93e-17 1.20e-17  -0.002   -1.78
P06232   1.165  33.517 3.06e-15 1.57e-15 7.25e-16  -0.001   -1.61
P06247   1.219  33.407 5.55e-17 4.01e-17 2.21e-17  -0.000   -2.45
P03633   1.189  33.512 6.17e-16 3.46e-16 1.70e-16  -0.000   -2.67
P05011   1.177  33.895 2.98e-16 1.74e-16 9.05e-17   0.000   -1.96
P08373   1.200  33.490 1.19e-16 7.82e-17 4.41e-17   0.000   -2.17
P03131   1.310  33.604 2.51e-15 1.33e-15 5.89e-16  -0.001   -2.09
P02913   1.238  33.499 8.27e-17 5.72e-17 3.02e-17   0.000   -2.46
P02886   1.156  33.425 1.65e-15 8.48e-16 3.86e-16   0.000   -2.82
P01180   1.247  33.720 2.69e-16 1.61e-16 8.59e-17  -0.000   -1.49
P03439   1.050  33.450 2.31e-15 1.19e-15 5.30e-16  -0.002   -2.48
P03641   1.220  33.186 7.47e-16 4.19e-16 2.04e-16   0.001   -3.02
P07900   1.235  33.396 4.40e-16 2.47e-16 1.23e-16   0.002   -3.09
P02045   1.288  33.678 3.85e-15 1.86e-15 8.32e-16   0.001   -2.48
P06977   1.209  33.504 1.24e-15 6.54e-16 3.14e-16  -0.000   -3.19
P04592   1.364  32.528 1.11e-16 6.55e-17 3.69e-17   0.003   -3.14
P01787   1.266  33.168 2.88e-15 1.56e-15 6.61e-16   0.000   -3.34
P07385   1.347  33.941 1.45e-17 1.21e-17 8.09e-18  -0.001   -2.08
P03897   1.349  33.891 2.63e-15 1.25e-15 5.71e-16   0.003   -2.28
P03478   1.389  33.423 1.31e-16 8.03e-17 4.45e-17   0.002   -3.45
P07709   1.380  33.455 5.29e-17 3.77e-17 2.23e-17   0.003   -3.28
P03734   1.343  33.451 4.12e-14 2.18e-14 9.79e-15  -0.000   -3.47
P05776   1.312  33.029 1.48e-17 1.23e-17 8.01e-18  -0.000   -3.55
P03436   1.453  33.947 2.39e-16 1.43e-16 7.50e-17  -0.000   -2.24
P03801   1.422  33.161 4.01e-16 2.40e-16 1.19e-16   0.001   -3.57
P03121   1.386  33.284 2.03e-17 1.67e-17 1.03e-17   0.003   -3.55
P03171   1.480  32.981 2.05e-16 1.21e-16 6.41e-17   0.002   -3.50
P04918   1.509  33.885 3.49e-16 2.15e-16 1.01e-16   0.001   -2.36
P07926   1.551  36.245 1.42e-15 7.28e-16 3.47e-16   0.000   -1.61
P05537   1.515  33.363 1.17e-16 7.27e-17 3.94e-17   0.002   -3.90
P01318   1.552  34.013 4.99e-17 3.69e-17 2.28e-17  -0.000   -2.64
P00444   1.454  33.321 3.76e-16 2.12e-16 1.08e-16   0.001   -3.83
P07715   1.462  33.563 2.14e-15 1.04e-15 4.90e-16   0.001   -3.45
P04528   1.599  33.507 6.51e-14 3.55e-14 1.74e-14   0.000   -3.42
P07309   1.873  33.046 7.88e-17 5.15e-17 3.07e-17   0.001   -4.19
P09653   1.879  33.267 4.22e-16 2.59e-16 1.28e-16  -0.000   -4.16
P00054   1.737  33.410 1.50e-16 9.22e-17 5.25e-17  -0.000   -3.86
P04974   1.795  34.330 2.31e-17 1.83e-17 1.16e-17  -0.001   -2.41
P05458   1.870  33.604 1.44e-16 1.01e-16 5.23e-17   0.002   -3.45
P05159   1.831  33.383 9.07e-16 4.91e-16 2.12e-16  -0.000   -4.10
P05520   1.912  33.576 7.60e-14 4.46e-14 2.22e-14   0.002   -3.89
P03099   2.110  32.536 1.69e-16 1.06e-16 5.64e-17   0.001   -4.19
P01543   2.166  33.433 2.31e-17 1.91e-17 1.16e-17   0.002   -3.86
P00174   2.271  32.785 7.72e-16 4.15e-16 2.04e-16   0.001   -4.39
P09313   2.345  33.624 6.27e-16 3.65e-16 1.75e-16  -0.000   -3.95
P02567   2.673  36.997 8.72e-16 4.70e-16 2.32e-16   0.001   -1.98
P07179   3.091  32.544 1.40e-17 1.25e-17 8.19e-18  -0.002   -4.71
P10039   3.075  32.580 1.02e-17 8.79e-18 6.03e-18   0.001   -4.79
P04089   3.287  30.950 3.53e-17 2.50e-17 1.51e-17   0.002   -4.20
P00255   3.367  32.662 2.71e-16 1.53e-16 7.91e-17   0.000   -4.82
P02516   3.472  35.046 6.62e-16 3.69e-16 1.83e-16   0.002   -2.96
P08865   3.525  31.845 1.30e-15 6.78e-16 3.30e-16   0.001   -4.69
P07573   3.758  32.049 3.54e-14 1.84e-14 7.83e-15  -0.001   -4.81
P09370   4.520  39.858 5.68e-17 6.70e-17 6.38e-17   0.005   -0.80
P02397   4.830  32.336 2.35e-17 1.80e-17 1.17e-17   0.001   -4.90
P09620   5.025  44.136 1.93e-17 1.87e-17 1.45e-17   0.002   -2.52
P09929   7.194  44.861 4.90e-17 4.29e-17 2.73e-17   0.001   -3.65
P07621   8.078  44.841 1.08e-15 6.78e-16 3.43e-16   0.002   -4.11
P00855  10.253  43.042 1.61e-15 1.50e-15 1.14e-15   0.006   -1.70
P08219  12.112  30.815 4.23e-12 2.24e-12 1.05e-12   0.006    0.44
P06398  13.822  42.615 7.14e-15 4.72e-15 2.41e-15   0.005   -0.58
