name x y flux1 flux2 flux3 par rv
P00151 -44.856  41.469 2.46e-16 3.92e-16 4.37e-16   0.019    0.75
P09686 -44.224  34.918 2.24e-11 1.80e-11 1.14e-11   0.008   -2.56
P06308 -43.495  42.096 7.99e-12 4.04e-12 1.76e-12   0.025    0.76
P02887 -42.355  41.260 2.87e-14 2.20e-14 1.34e-14   0.017    0.29
P04519 -42.114  43.414 1.74e-15 1.60e-15 1.15e-15   0.009   -2.97
P02880 -41.755  42.383 3.00e-14 2.07e-14 1.20e-14   0.011    0.02
P06073 -41.767  44.174 6.32e-16 8.51e-16 8.40e-16   0.019    0.41
P00808 -41.403  42.589 1.03e-12 5.98e-13 2.89e-13   0.022    0.58
P02240 -41.068  43.173 4.47e-16 6.23e-16 6.06e-16   0.016    0.22
P04019 -40.737  44.675 1.29e-12 6.52e-12 2.15e-11   0.021    0.57
P07562 -40.563  42.938 1.37e-15 1.36e-15 1.07e-15   0.009    0.00
P03076 -40.407  44.529 5.80e-11 2.88e-11 1.34e-11   0.021    0.47
P04550 -40.210  41.275 3.50e-15 3.65e-15 3.20e-15   0.021    0.75
P09644 -39.722  43.234 1.70e-13 1.15e-13 6.25e-14   0.021    0.55
P08518 -39.495  44.129 1.04e-10 5.36e-11 2.51e-11   0.027    0.15
P05688 -38.618  43.295 1.39e-12 7.52e-13 3.69e-13   0.022    0.24
P05793 -38.312  44.106 6.72e-13 3.92e-13 2.09e-13   0.025    0.08
P04146 -37.911  43.354 2.83e-15 3.06e-15 2.47e-15   0.020    0.04
P00780 -37.740  43.142 1.04e-13 6.15e-14 3.16e-14   0.010   -0.03
P03208 -37.239  42.830 2.82e-13 1.85e-13 9.84e-14   0.026   -0.05
P03477 -36.171  34.936 1.57e-13 9.97e-14 5.54e-14   0.016    0.17
P04979 -35.629  43.269 1.36e-15 6.53e-16 2.69e-16   0.019   -0.20
P05326 -34.409  43.668 4.43e-14 2.79e-14 1.47e-14   0.006    0.04
P07439 -34.067  42.969 1.20e-14 1.09e-14 7.54e-15   0.018   -0.28
P02952 -33.403  42.081 3.79e-17 8.02e-17 1.20e-16   0.020   -0.61
P01218 -31.842  44.764 3.00e-17 2.81e-17 2.00e-17   0.018   -0.33
P00804 -30.525  44.464 5.27e-17 9.27e-17 1.18e-16   0.013   -0.12
P06507 -30.529  40.015 1.20e-13 6.96e-14 3.69e-14   0.012   -0.01
P05057 -30.079  43.287 1.13e-12 6.35e-13 3.21e-13   0.022   -0.82
