name x y flux1 flux2 flux3 par rv
P00284 -29.990  12.750 6.58e-13 5.56e-13 4.07e-13   0.000    0.74
P09143 -29.837  13.393 1.03e-15 5.96e-16 3.76e-16   0.001    0.38
P06312 -29.803   9.930 3.70e-14 1.62e-14 7.09e-15  -0.000    1.72
P01484 -29.650  10.332 1.71e-16 1.20e-16 7.91e-17   0.001    1.59
P05393 -29.676   7.841 1.87e-17 2.02e-17 1.67e-17   0.003    1.17
P03370 -29.481  12.340 1.71e-14 9.65e-15 4.33e-15   0.002    0.68
P09225 -29.111  11.366 4.14e-13 2.10e-13 1.06e-13   0.003    1.32
P05474 -28.994   6.784 2.57e-17 2.51e-17 2.10e-17   0.002    0.79
P05213 -28.854  12.096 1.19e-16 9.57e-17 6.62e-17   0.000    0.19
P00350 -28.717  11.534 4.52e-17 4.28e-17 3.62e-17   0.001    0.56
P01275 -28.593  12.845 3.11e-15 1.94e-15 9.26e-16   0.001   -0.12
P04052 -28.632  11.042 4.12e-17 3.17e-17 2.46e-17   0.003    0.61
P05622 -28.705  12.103 7.61e-15 4.52e-15 2.30e-15   0.001    0.11
P01116 -28.667  10.783 2.76e-17 3.10e-17 2.67e-17   0.002    1.05
P06309 -28.433  11.704 1.61e-16 1.21e-16 7.50e-17   0.002    0.43
P07036 -28.362   9.766 3.08e-17 3.10e-17 2.45e-17   0.001    0.81
P08379 -28.431  11.306 5.68e-17 4.81e-17 3.69e-17   0.000    0.16
P00045 -28.119  10.040 1.44e-15 8.36e-16 4.33e-16   0.000    0.88
P04034 -28.252  12.128 2.45e-13 1.20e-13 5.69e-14   0.001   -0.28
P04881 -28.134  10.780 1.25e-15 8.40e-16 4.73e-16   0.003    0.81
P10017 -28.057   9.680 5.15e-13 2.99e-13 1.47e-13   0.001    0.66
P10415 -28.045  11.253 1.23e-17 1.30e-17 1.27e-17   0.003    0.41
P03813 -28.170  12.776 4.74e-13 2.96e-13 1.35e-13   0.001   -0.48
P09865 -28.170  10.114 4.78e-15 2.77e-15 1.43e-15   0.000    0.83
P01555 -28.013  10.533 1.38e-16 1.06e-16 7.61e-17   0.003    0.48
P04154 -28.006  10.616 4.17e-17 4.13e-17 3.36e-17   0.003    0.48
P00180 -28.088  11.245 7.79e-13 5.51e-13 4.22e-13   0.000   -0.13
P02612 -28.062  10.960 4.32e-17 3.39e-17 2.98e-17   0.002   -0.01
P08854 -27.972  11.381 6.87e-15 3.65e-15 1.55e-15   0.001   -0.19
P00722 -28.077  11.560 6.54e-13 6.26e-13 4.52e-13   0.002   -0.31
P06269 -28.013  10.219 4.31e-16 3.41e-16 1.96e-16   0.002    0.41
P07000 -28.098  11.290 5.05e-16 3.51e-16 1.99e-16   0.002   -0.25
P01405 -27.992  10.859 3.56e-15 1.96e-15 9.91e-16   0.000    0.01
P08819 -28.044  12.508 3.45e-15 2.26e-15 1.03e-15   0.002   -0.53
P10244 -27.980  10.346 1.16e-14 5.89e-15 2.89e-15   0.000    0.31
P07424 -27.997   9.961 6.09e-16 3.90e-16 2.20e-16   0.002    0.44
P05677 -27.784  10.380 5.51e-15 3.31e-15 1.48e-15   0.000    0.22
P08162 -28.058   9.934 2.59e-15 1.42e-15 8.04e-16   0.002    0.36
P00041 -27.859   6.623 3.29e-15 1.82e-15 9.78e-16   0.003    0.23
P09226 -27.809  10.504 2.11e-15 1.47e-15 7.04e-16   0.003    0.04
P06791 -27.905  10.587 1.79e-16 1.43e-16 9.60e-17  -0.000    0.10
P09608 -27.884  10.344 2.90e-14 1.54e-14 5.72e-15   0.002    0.26
P01823 -27.825  10.173 8.86e-17 8.98e-17 5.37e-17   0.002    0.21
P05970 -27.891   9.519 3.13e-15 1.94e-15 1.10e-15   0.003    0.25
P04684 -27.733  10.811 2.18e-14 1.20e-14 5.46e-15   0.002   -0.36
P05973 -27.769  10.669 5.25e-16 3.94e-16 2.26e-16   0.001   -0.21
P08659 -27.799  10.743 7.88e-15 4.61e-15 2.07e-15   0.001   -0.42
P00175 -27.790  10.936 7.43e-13 5.32e-13 2.31e-13   0.002   -0.79
P05031 -27.599  10.567 2.05e-14 9.98e-15 4.95e-15   0.001   -0.30
P02383 -27.707   9.149 1.87e-15 1.09e-15 6.12e-16   0.002    0.09
P04471 -27.885  10.182 1.40e-17 1.59e-17 1.37e-17   0.001    0.01
P08044 -27.798  12.269 2.35e-15 1.30e-15 7.15e-16   0.003   -0.77
P04810 -27.623  10.346 6.19e-15 4.01e-15 1.70e-15   0.001   -0.39
P00524 -27.686  10.154 6.16e-13 3.37e-13 1.82e-13   0.002   -0.29
P05640 -27.612  10.396 4.50e-13 2.56e-13 1.18e-13   0.000   -0.73
P03852 -27.576   9.362 6.72e-15 3.76e-15 1.71e-15   0.002   -0.13
P02714 -27.771  11.066 3.95e-15 2.45e-15 1.21e-15   0.003   -1.01
P03140 -27.611  10.808 5.95e-13 3.53e-13 1.67e-13   0.001   -1.08
P07839 -27.500   8.337 8.91e-15 4.52e-15 2.12e-15  -0.000   -0.06
P03609 -27.483   9.913 7.57e-15 4.67e-15 2.38e-15   0.003   -0.61
P09277 -27.537  11.674 3.52e-16 2.38e-16 1.36e-16   0.005   -1.03
P08533 -27.437  11.217 1.77e-14 8.58e-15 4.34e-15   0.001   -1.12
P06284 -27.417  10.065 4.01e-17 3.93e-17 2.85e-17   0.001   -0.63
P06346 -27.310  10.704 2.82e-13 1.36e-13 6.73e-14   0.001   -1.24
P01271 -27.411  10.592 1.05e-14 5.26e-15 2.30e-15   0.003   -1.34
P03446 -27.344  11.018 5.49e-17 4.61e-17 3.29e-17   0.002   -1.21
P03710 -27.592   9.838 4.42e-13 2.31e-13 1.09e-13   0.001   -0.70
P03510 -27.430  10.146 3.13e-14 1.45e-14 6.40e-15   0.002   -1.06
P07983 -27.381  10.011 1.76e-14 9.70e-15 4.43e-15   0.001   -0.90
P08348 -27.322   9.075 6.36e-13 6.62e-13 4.75e-13   0.001   -0.42
P05417 -27.362  10.169 3.59e-14 1.74e-14 7.25e-15   0.001   -1.21
P02318 -27.273  10.606 1.12e-15 6.62e-16 4.06e-16   0.001   -1.63
P06447 -27.214  11.703 1.69e-15 9.63e-16 5.06e-16   0.001   -1.46
P04880 -27.289  12.020 6.94e-16 4.72e-16 2.46e-16   0.001   -1.06
P04178 -27.262  10.368 3.50e-13 1.58e-13 7.67e-14   0.003   -1.54
P01142 -27.244  10.411 1.99e-15 1.18e-15 6.72e-16   0.001   -1.61
P06945 -27.264  10.295 1.14e-16 8.60e-17 6.06e-17   0.001   -1.20
P03539 -27.130  11.108 4.45e-17 4.34e-17 3.20e-17   0.001   -1.63
P08531 -27.270  10.661 1.95e-16 1.53e-16 9.73e-17  -0.001   -1.70
P05386 -27.096   8.288 2.01e-15 1.12e-15 6.03e-16  -0.001   -0.55
P06251 -27.037  11.050 3.43e-17 3.24e-17 2.42e-17  -0.000   -1.79
P06937 -26.920  11.338 2.70e-16 2.45e-16 1.32e-16   0.002   -1.58
P08247 -26.911   9.732 5.63e-13 2.83e-13 1.28e-13   0.001   -1.21
P05813 -26.949  12.110 2.04e-15 1.29e-15 6.55e-16   0.000   -1.55
P07559 -26.909  10.683 3.20e-15 1.71e-15 8.07e-16  -0.000   -1.94
P06751 -26.871   9.523 8.45e-13 4.92e-13 3.10e-13   0.002   -1.18
P03718 -26.783  12.252 7.98e-17 7.57e-17 5.31e-17   0.000   -1.54
P01736 -26.789   9.837 4.13e-13 2.14e-13 1.21e-13   0.003   -1.51
P08788 -26.680  10.728 4.86e-16 3.42e-16 2.18e-16  -0.000   -2.07
P01826 -26.612   9.296 2.50e-14 1.29e-14 6.25e-15   0.003   -1.26
P04708 -26.642  11.388 9.05e-15 5.05e-15 2.15e-15   0.002   -2.09
P07876 -26.605   9.147 3.23e-15 1.80e-15 8.65e-16   0.004   -1.56
P01066 -26.345   8.972 1.45e-15 9.54e-16 4.92e-16   0.003   -1.18
P06424 -26.130  10.574 3.87e-15 2.19e-15 1.05e-15   0.002   -2.32
P07236 -26.009  11.535 3.81e-16 3.00e-16 1.73e-16   0.003   -2.32
P09046 -25.355  12.696 3.25e-17 3.08e-17 2.17e-17   0.003   -2.14
P09661 -25.374  11.319 5.98e-16 3.83e-16 2.66e-16   0.002   -2.42
P06068 -25.415  10.333 1.61e-16 1.38e-16 7.60e-17   0.003   -2.50
P10449 -24.560   0.902 4.41e-15 3.03e-15 1.68e-15   0.002   -1.49
P04904 -23.761   0.410 1.05e-13 4.89e-14 2.21e-14   0.004   -1.75
P06769 -23.581   9.252 1.34e-16 1.07e-16 7.36e-17   0.001   -2.28
P05769 -23.129   0.320 1.18e-12 2.31e-12 3.31e-12   0.004   -2.29
P00125 -21.510   9.859 1.81e-16 1.29e-16 7.88e-17   0.001   -2.57
P08585 -21.112   3.805 6.07e-12 3.90e-12 2.10e-12   0.002   -3.01
P05261 -20.961   0.691 4.61e-14 2.32e-14 1.36e-14   0.005   -2.68
P00920 -20.618   2.952 1.39e-13 6.47e-14 3.18e-14   0.005   -2.86
P09001 -20.621  14.884 6.08e-14 3.54e-14 1.43e-14   0.003   -1.53
P02165 -20.441   2.095 3.51e-15 2.48e-15 1.47e-15   0.005   -2.94
P01819 -19.443   4.217 2.59e-17 3.58e-17 3.53e-17   0.003   -3.18
P07349 -19.355   0.093 4.22e-17 5.73e-17 5.37e-17   0.005   -2.79
P07246 -19.361   7.305 3.24e-17 4.91e-17 4.95e-17   0.003   -2.81
P01544 -19.190   2.312 9.40e-14 4.69e-14 2.63e-14   0.006   -2.86
P03169 -18.997   3.015 1.62e-17 2.59e-17 2.80e-17   0.006   -3.07
P05129 -18.906   7.233 1.40e-13 8.02e-14 3.46e-14   0.004   -3.12
P08315 -16.302   6.862 3.46e-15 2.90e-15 1.80e-15   0.007   -3.05
