name x y flux0 flux1 flux2 width rv
F11132   6.998 -26.398 5.33e-17 3.92e-17 2.16e-17 21.62 -630.69
F11118   7.087 -26.082 3.72e-17 3.05e-17 2.00e-17 18.11 -630.68
F11121   7.138 -26.088 5.53e-17 2.80e-17 2.77e-17 20.45 -630.55
F11126   7.150 -26.134 4.45e-17 3.28e-17 1.76e-17 22.95 -630.69
F11129   7.171 -26.247 4.98e-17 2.78e-17 3.03e-17 19.40 -630.48
F11130   7.197 -26.106 4.11e-17 3.57e-17 2.08e-17 16.02 -630.65
F11127   7.203 -26.063 5.25e-17 4.78e-17 2.81e-17 29.91 -630.54
F11128   7.204 -26.105 4.24e-17 3.61e-17 2.07e-17 21.64 -630.51
F11125   7.230 -26.095 4.53e-17 3.46e-17 1.89e-17 12.74 -630.68
F11116   7.234 -26.101 5.48e-17 3.12e-17 2.67e-17 16.56 -630.77
F11117   7.250 -26.079 4.46e-17 3.58e-17 2.91e-17 15.89 -630.81
F11122   7.271 -26.118 4.83e-17 4.81e-17 1.92e-17 15.09 -630.76
F11120   7.274 -26.130 5.01e-17 2.93e-17 2.45e-17 17.30 -630.74
F11133   7.285 -26.098 6.19e-17 4.62e-17 2.80e-17 17.33 -630.66
F11115   7.293 -26.324 5.17e-17 2.90e-17 1.90e-17 17.59 -630.55
F11124   7.375 -26.141 3.46e-17 2.02e-17 1.96e-17 14.13 -630.65
F11131   7.397 -26.277 4.25e-17 3.50e-17 2.06e-17 13.74 -630.73
F11114   7.420 -25.947 5.30e-17 3.34e-17 1.86e-17 23.70 -630.70
F11119   7.477 -26.203 4.98e-17 2.85e-17 1.68e-17 12.89 -630.80
F11134   7.672 -26.980 4.94e-17 4.18e-17 3.06e-17 19.65 -630.63
F11123   7.977 -26.040 5.60e-17 2.95e-17 2.59e-17 10.28 -630.55
F07782   9.701 -16.042 2.36e-16 1.39e-16 7.17e-17 41.82 -308.33
F07786  10.129 -16.210 2.24e-16 1.10e-16 9.16e-17 32.23 -308.34
F07800  10.310 -16.330 2.14e-16 1.50e-16 1.03e-16 36.03 -308.25
F07789  10.510 -15.677 2.26e-16 1.38e-16 8.64e-17 29.14 -308.44
F07787  10.687 -16.159 1.30e-16 1.23e-16 6.18e-17 26.66 -308.26
F07770  10.780 -15.740 2.08e-16 1.50e-16 1.43e-16 42.80 -308.53
F07802  10.848 -15.777 2.22e-16 1.69e-16 1.06e-16 27.98 -308.38
F07793  10.848 -15.799 1.18e-16 1.12e-16 5.97e-17 39.39 -308.39
F07795  10.854 -15.925 2.06e-16 1.56e-16 8.58e-17 27.57 -308.55
F07771  10.861 -15.897 2.29e-16 1.22e-16 6.80e-17 32.04 -308.47
F07801  10.868 -15.777 2.00e-16 1.44e-16 1.11e-16 23.07 -308.42
F07772  10.873 -15.810 1.60e-16 1.43e-16 5.11e-17 34.41 -308.51
F07784  10.878 -15.763 1.50e-16 1.36e-16 7.13e-17 42.71 -308.40
F07791  10.896 -15.554 2.49e-16 1.76e-16 1.21e-16 38.84 -308.38
F07797  10.900 -15.011 1.58e-16 1.83e-16 7.86e-17 29.91 -308.39
F07774  10.906 -15.723 1.76e-16 1.57e-16 9.38e-17 43.88 -308.17
F07780  10.915 -16.012 1.85e-16 1.48e-16 1.17e-16 23.85 -308.32
F07779  10.921 -15.870 2.75e-16 1.86e-16 1.11e-16 32.29 -308.32
F07794  10.939 -15.888 2.37e-16 1.39e-16 1.26e-16 40.53 -308.24
F07767  10.945 -15.946 1.84e-16 1.89e-16 1.13e-16 34.78 -308.20
F07790  10.949 -15.857 1.74e-16 1.31e-16 7.88e-17 30.21 -308.43
F07783  10.953 -15.871 1.93e-16 1.14e-16 9.24e-17 33.35 -308.49
F07796  10.956 -15.855 1.57e-16 9.44e-17 6.50e-17 38.99 -308.30
F07806  10.956 -15.844 2.46e-16 1.97e-16 1.14e-16 46.26 -308.30
F07773  10.964 -15.942 1.93e-16 1.35e-16 1.06e-16 28.87 -308.36
F07775  10.977 -15.749 1.54e-16 8.16e-17 4.91e-17 36.74 -308.64
F07803  10.988 -15.724 2.08e-16 1.29e-16 9.76e-17 22.63 -308.27
F07785  10.990 -15.900 1.30e-16 1.12e-16 9.10e-17 36.34 -308.40
F07792  10.993 -15.869 1.81e-16 1.50e-16 1.52e-16 21.63 -308.30
F07776  10.996 -15.788 2.36e-16 1.97e-16 1.17e-16 28.58 -308.57
F07777  11.008 -15.825 1.99e-16 1.41e-16 8.86e-17 54.70 -308.44
F07805  11.145 -15.590 2.10e-16 1.83e-16 1.24e-16 30.52 -308.37
F07781  11.156 -15.887 2.08e-16 1.34e-16 8.96e-17 21.37 -308.60
F07804  11.183 -15.823 2.04e-16 1.23e-16 7.03e-17 48.56 -308.35
F07769  11.355 -16.115 2.92e-16 1.96e-16 1.39e-16 43.01 -308.54
F07788  11.490 -15.923 1.69e-16 1.34e-16 6.23e-17 34.12 -308.21
F07799  11.891 -15.097 1.67e-16 1.17e-16 8.30e-17 28.14 -308.27
F07798  12.192 -16.314 3.44e-16 1.90e-16 1.21e-16 49.30 -308.09
