name x y flux0 flux1 flux2 width rv
F02347 -40.754  24.597 2.25e-17 1.63e-17 1.29e-17  9.51 -910.64
F02342 -40.428  25.071 1.59e-17 1.26e-17 8.43e-18 13.10 -910.54
F02343 -40.355  25.330 2.54e-17 1.55e-17 1.02e-17 15.16 -910.67
F02348 -40.352  25.398 2.17e-17 1.62e-17 1.12e-17 12.69 -910.69
F02318 -40.351  25.070 2.04e-17 1.43e-17 8.49e-18  8.75 -910.67
F02326 -40.347  25.409 2.50e-17 1.80e-17 1.37e-17  7.75 -910.50
F02336 -40.331  25.397 2.34e-17 1.43e-17 1.06e-17 11.75 -910.73
F02324 -40.323  25.297 2.08e-17 1.38e-17 9.07e-18 14.41 -910.71
F02323 -40.319  25.169 2.45e-17 1.84e-17 1.36e-17 12.62 -910.76
F02346 -40.315  25.363 2.76e-17 2.14e-17 1.16e-17 10.65 -910.63
F02334 -40.306  25.158 3.01e-17 2.17e-17 1.36e-17  7.92 -910.65
F02349 -40.301  25.272 2.48e-17 1.67e-17 9.60e-18 12.99 -910.54
F02340 -40.291  25.325 2.15e-17 1.46e-17 9.44e-18 15.65 -910.62
F02350 -40.255  25.180 2.51e-17 1.69e-17 1.47e-17 17.00 -910.53
F02345 -40.250  25.240 2.17e-17 1.55e-17 1.04e-17 10.41 -910.73
F02316 -40.248  25.152 1.84e-17 1.38e-17 7.04e-18 14.27 -910.69
F02317 -40.243  25.296 2.01e-17 1.53e-17 8.95e-18 10.64 -910.63
F02325 -40.240  25.247 2.60e-17 1.57e-17 1.15e-17 13.88 -910.74
F02320 -40.239  25.042 1.39e-17 1.09e-17 8.10e-18 10.83 -910.58
F02332 -40.238  25.135 2.32e-17 1.78e-17 1.07e-17 11.29 -910.79
F02331 -40.235  25.210 2.26e-17 1.66e-17 1.27e-17 13.34 -910.61
F02319 -40.232  25.214 2.55e-17 1.88e-17 1.17e-17 15.26 -910.69
F02315 -40.223  25.224 2.96e-17 2.31e-17 1.31e-17 17.03 -910.67
F02341 -40.215  25.203 2.39e-17 1.95e-17 1.24e-17 14.04 -910.59
F02333 -40.204  25.275 2.82e-17 1.77e-17 1.36e-17 14.64 -910.56
F02328 -40.200  25.163 2.34e-17 1.69e-17 1.16e-17 15.47 -910.79
F02321 -40.188  25.052 2.56e-17 1.91e-17 1.13e-17 18.11 -910.61
F02335 -40.186  25.168 2.45e-17 1.82e-17 1.01e-17 12.78 -910.67
F02339 -40.129  25.399 3.14e-17 2.03e-17 1.21e-17  9.39 -910.51
F02338 -40.110  25.118 2.99e-17 1.89e-17 1.22e-17 14.08 -910.59
F02314 -40.097  25.214 2.65e-17 2.27e-17 1.30e-17 25.88 -910.50
F02337 -40.096  25.035 2.45e-17 1.96e-17 1.10e-17 11.13 -910.66
F02313 -40.066  25.147 2.29e-17 1.57e-17 1.20e-17  8.11 -910.60
F02344 -40.058  25.035 2.42e-17 1.97e-17 1.26e-17 12.93 -910.73
F02327 -40.032  25.052 2.40e-17 1.82e-17 1.25e-17 11.89 -910.61
F02351 -40.027  24.696 2.37e-17 1.70e-17 1.09e-17 12.28 -910.52
F02329 -40.025  24.739 2.82e-17 1.75e-17 1.23e-17 10.50 -910.81
F02330 -39.967  25.042 2.06e-17 1.97e-17 1.12e-17 15.19 -910.76
F04291 -37.852  28.585 1.44e-17 1.24e-17 7.26e-18 11.34 -1068.85
F04306 -37.843  28.575 1.59e-17 1.21e-17 9.90e-18  9.75 -1068.72
F04297 -37.830  28.564 1.67e-17 1.16e-17 9.08e-18  4.31 -1068.78
F04299 -37.801  28.509 1.61e-17 1.27e-17 7.21e-18  6.05 -1068.91
F04302 -37.800  28.452 1.51e-17 1.17e-17 8.04e-18  6.67 -1068.90
F04310 -37.779  28.240 1.67e-17 1.27e-17 6.44e-18 10.28 -1068.83
F04295 -37.762  28.369 1.66e-17 1.07e-17 6.89e-18  7.56 -1068.78
F04320 -37.761  28.423 2.43e-17 1.44e-17 9.52e-18 14.67 -1068.69
F04305 -37.759  28.458 1.61e-17 1.12e-17 7.33e-18 12.37 -1068.78
F04318 -37.759  28.402 1.96e-17 1.04e-17 7.08e-18  9.49 -1068.83
F04309 -37.759  28.471 2.30e-17 1.70e-17 1.14e-17  7.22 -1068.69
F04329 -37.739  28.421 1.92e-17 1.12e-17 8.01e-18  8.79 -1068.77
F04326 -37.736  28.468 1.71e-17 1.25e-17 9.39e-18  9.77 -1068.86
F04301 -37.730  28.434 1.72e-17 1.14e-17 7.17e-18  6.27 -1068.75
F04300 -37.728  28.589 2.14e-17 1.58e-17 9.86e-18 13.83 -1068.91
F04324 -37.727  28.410 2.14e-17 1.60e-17 8.88e-18 10.70 -1068.73
F04315 -37.723  28.447 1.62e-17 1.13e-17 8.41e-18 10.40 -1068.86
F04308 -37.721  28.435 1.85e-17 1.16e-17 8.33e-18 11.31 -1068.74
F04323 -37.716  28.432 1.87e-17 1.32e-17 9.08e-18 10.94 -1068.72
F04330 -37.716  28.400 1.58e-17 1.06e-17 6.99e-18  9.61 -1068.66
F04298 -37.715  28.430 1.80e-17 1.03e-17 7.86e-18 13.14 -1068.72
F04293 -37.713  28.420 1.59e-17 1.23e-17 7.62e-18  5.98 -1068.87
F04304 -37.713  28.419 1.80e-17 1.03e-17 7.97e-18  9.67 -1068.81
F04313 -37.711  28.421 1.89e-17 1.44e-17 8.43e-18 12.25 -1068.80
F04321 -37.709  28.456 1.95e-17 1.29e-17 8.28e-18  8.97 -1068.75
F04292 -37.709  28.507 1.60e-17 1.06e-17 5.84e-18 12.63 -1068.83
F04337 -37.706  28.444 1.96e-17 1.32e-17 7.70e-18  8.33 -1068.88
F04312 -37.705  28.415 1.48e-17 1.03e-17 5.62e-18  5.17 -1068.83
F04303 -37.703  28.496 2.03e-17 1.22e-17 8.59e-18 16.51 -1068.82
F04336 -37.699  28.541 1.77e-17 1.19e-17 8.74e-18  5.62 -1068.69
F04328 -37.695  28.418 1.48e-17 1.10e-17 7.27e-18 11.14 -1068.80
F04307 -37.685  28.316 1.56e-17 1.09e-17 8.47e-18 15.75 -1068.80
F04322 -37.667  28.405 1.80e-17 1.21e-17 8.50e-18  9.28 -1068.64
F04331 -37.657  28.490 2.45e-17 1.89e-17 9.77e-18  9.34 -1068.78
F04296 -37.633  28.380 1.93e-17 1.30e-17 1.11e-17 11.91 -1068.66
F04294 -37.591  28.425 2.28e-17 1.97e-17 9.95e-18 11.58 -1068.78
F04327 -37.583  28.387 1.40e-17 1.03e-17 6.85e-18  7.06 -1068.86
F04325 -37.506  28.224 1.91e-17 1.21e-17 7.98e-18 10.33 -1068.84
F04289 -34.662  26.673 3.86e-16 2.79e-16 1.93e-16 43.31 -236.66
F04280 -34.520  27.106 2.11e-16 1.56e-16 1.05e-16 46.99 -236.62
F04261 -34.375  26.819 2.59e-16 2.31e-16 1.50e-16 24.65 -236.95
F04288 -34.143  26.572 2.99e-16 2.38e-16 1.52e-16 45.70 -236.77
F04267 -34.143  26.689 3.75e-16 2.37e-16 1.84e-16 32.73 -236.86
F04271 -34.133  26.129 2.60e-16 2.09e-16 1.29e-16 64.48 -236.89
F04265 -34.072  26.683 4.28e-16 2.94e-16 1.97e-16 58.47 -236.81
F04285 -34.054  26.183 3.93e-16 2.51e-16 1.68e-16 60.15 -236.67
F04287 -34.035  26.408 2.40e-16 1.88e-16 1.02e-16 41.65 -236.79
F04269 -34.034  26.711 3.39e-16 2.99e-16 1.69e-16 89.67 -236.73
F04276 -34.018  26.624 3.64e-16 2.74e-16 1.79e-16 63.40 -236.75
F04263 -33.992  26.233 2.84e-16 2.25e-16 1.36e-16 44.73 -236.89
F04286 -33.970  26.657 3.49e-16 2.86e-16 1.60e-16 45.78 -236.70
F04268 -33.906  26.572 2.48e-16 1.86e-16 1.25e-16 48.27 -236.85
F04272 -33.877  26.442 4.23e-16 2.40e-16 1.90e-16 49.49 -236.73
F04278 -33.877  26.649 4.70e-16 2.86e-16 2.14e-16 65.67 -237.04
F04262 -33.869  26.811 4.54e-16 3.06e-16 2.08e-16 34.44 -236.77
F04284 -33.867  26.528 2.99e-16 2.04e-16 1.38e-16 43.48 -236.50
F04279 -33.828  26.528 3.19e-16 2.09e-16 1.37e-16 42.86 -236.68
F04275 -33.822  26.587 3.98e-16 2.66e-16 1.81e-16 37.35 -236.84
F04264 -33.748  27.008 4.87e-16 3.22e-16 2.27e-16 42.57 -236.87
F04274 -33.716  27.196 3.52e-16 2.82e-16 1.59e-16 32.52 -236.57
F04266 -33.607  25.551 4.27e-16 2.69e-16 2.19e-16 54.00 -236.78
F04270 -33.456  26.662 2.29e-16 1.82e-16 1.12e-16 52.94 -236.74
F04273 -33.430  26.732 2.26e-16 1.40e-16 1.01e-16 51.69 -236.60
F04283 -33.403  26.608 3.89e-16 2.76e-16 1.56e-16 56.90 -236.66
F04281 -33.346  26.319 2.86e-16 1.70e-16 1.10e-16 64.33 -236.93
F04277 -33.097  25.914 3.75e-16 2.52e-16 1.50e-16 39.92 -236.85
F04282 -32.617  26.468 2.55e-16 1.93e-16 1.25e-16 33.33 -236.83
