name x y flux1 flux2 flux3 par rv
P02173 -42.385  41.782 5.09e-17 2.38e-17 9.92e-18   0.002   -0.20
P00884 -41.305  44.221 2.25e-17 1.55e-17 9.02e-18  -0.000   -2.94
P01014 -40.625  43.750 8.95e-15 5.21e-15 2.51e-15   0.002   -0.16
P06331 -40.494  39.575 2.78e-16 2.27e-16 1.53e-16   0.002   -0.60
P07292 -40.422  42.930 2.37e-15 1.55e-15 8.54e-16   0.001   -0.15
P03046 -40.291  42.063 9.15e-14 4.42e-14 1.93e-14   0.001   -0.28
P05781 -39.488  38.150 4.55e-16 3.52e-16 2.38e-16   0.003   -1.01
P01953 -39.182  41.375 3.00e-16 2.51e-16 1.62e-16   0.003   -0.30
P03451 -38.820  44.681 1.51e-16 1.38e-16 1.05e-16   0.003   -0.75
P04075 -38.692  39.764 9.64e-17 9.08e-17 6.80e-17   0.003   -0.76
P04319 -38.396  41.571 3.70e-14 1.88e-14 8.72e-15   0.003   -0.47
P04719 -38.229  42.631 5.22e-17 5.38e-17 4.46e-17   0.001   -0.47
P07620 -38.190  43.066 1.93e-15 1.29e-15 7.59e-16   0.002   -0.64
P08467 -38.115  43.303 8.50e-13 4.30e-13 1.98e-13   0.003   -0.71
P00475 -37.790  31.240 1.79e-17 2.05e-17 1.88e-17   0.002   -2.10
P06575 -37.685  42.781 2.15e-12 1.60e-12 9.70e-13   0.004   -0.80
P09086 -37.677  41.340 8.43e-14 4.11e-14 1.83e-14   0.003   -0.57
P01664 -37.396  40.365 2.63e-16 2.14e-16 1.52e-16   0.003   -0.60
P04829 -37.101  41.305 9.15e-15 5.11e-15 2.65e-15   0.001   -0.61
P01848 -36.868  41.068 3.29e-15 2.15e-15 1.15e-15   0.003   -0.70
P03924 -36.878  44.065 1.13e-12 6.10e-13 2.85e-13   0.003   -1.25
P04746 -36.776  41.062 6.79e-16 5.19e-16 3.28e-16   0.003   -0.71
P06070 -36.452  39.190 1.36e-14 7.48e-15 3.57e-15   0.001   -1.01
P02852 -36.366  40.284 2.25e-17 2.65e-17 2.41e-17   0.002   -0.91
P06404 -36.210  37.521 2.04e-15 1.34e-15 7.42e-16   0.003   -1.84
P00719 -36.171  39.310 6.84e-14 2.32e-13 5.03e-13   0.001   -1.31
P10059 -35.996  40.021 4.80e-17 5.10e-17 4.14e-17   0.003   -1.07
P08021 -35.809  41.388 5.61e-17 5.77e-17 4.85e-17   0.004   -1.19
P04012 -35.466  42.124 3.92e-15 2.44e-15 1.32e-15   0.002   -1.57
P03290 -35.549  40.910 2.36e-15 1.58e-15 8.45e-16   0.001   -1.21
P09426 -35.448  41.665 1.04e-14 5.86e-15 3.01e-15   0.004   -1.39
P08902 -35.563  41.019 9.48e-16 6.77e-16 4.15e-16   0.002   -1.24
P07791 -35.397  40.207 5.08e-14 2.56e-14 1.20e-14   0.002   -1.24
P08483 -35.323  41.297 2.21e-16 1.91e-16 1.33e-16   0.002   -1.50
P06230 -35.296  43.142 1.90e-17 1.00e-17 4.86e-18   0.002   -1.79
P06574 -35.279  43.267 7.17e-14 3.58e-14 1.64e-14   0.002   -1.81
P04395 -35.251  41.827 1.62e-15 1.12e-15 6.47e-16   0.002   -1.78
P08954 -35.364  43.849 6.30e-17 3.01e-17 1.32e-17   0.003   -1.88
P00781 -35.187  42.005 3.91e-14 1.94e-14 9.44e-15   0.003   -1.80
P06815 -35.236  40.296 4.41e-17 2.13e-17 9.41e-18   0.002   -1.26
P08760 -35.000  41.845 2.60e-17 3.03e-17 2.76e-17   0.001   -1.70
P08882 -35.174  42.786 1.36e-12 1.54e-12 1.30e-12   0.002   -1.84
P06287 -35.118  40.108 2.35e-16 2.03e-16 1.38e-16   0.002   -1.42
P05230 -34.798  38.784 9.26e-17 8.96e-17 6.68e-17   0.002   -2.01
P01913 -34.875  40.585 8.60e-15 4.96e-15 2.48e-15   0.004   -1.70
P09341 -35.009  40.457 9.88e-15 5.44e-15 2.77e-15   0.002   -1.80
P06812 -34.830  43.487 1.17e-15 8.37e-16 4.98e-16   0.003   -2.09
P05447 -34.697  36.884 1.08e-14 5.90e-15 2.80e-15   0.001   -2.38
P07198 -34.888  38.033 1.61e-12 1.02e-12 5.43e-13   0.003   -2.30
P05703 -34.760  37.522 7.68e-16 5.76e-16 3.53e-16   0.003   -2.16
P05738 -34.770  40.040 3.86e-17 4.37e-17 3.76e-17   0.001   -2.01
P08721 -34.723  37.494 1.25e-12 1.34e-12 1.16e-12   0.002   -2.34
P00403 -34.797  40.049 5.22e-17 5.38e-17 4.43e-17   0.002   -1.58
P08211 -34.516  39.959 1.86e-17 2.27e-17 2.10e-17   0.003   -1.80
P00679 -34.549  41.072 6.43e-14 3.17e-14 1.44e-14   0.001   -2.04
P06453 -34.578  38.761 4.78e-17 2.33e-17 1.01e-17   0.000   -2.07
P04763 -34.574  37.299 6.28e-15 3.66e-15 1.88e-15   0.003   -2.43
P06162 -34.524  36.627 1.56e-16 1.43e-16 1.05e-16   0.002   -2.44
P02114 -34.608  35.158 1.57e-15 1.05e-15 5.88e-16   0.002   -2.56
P05079 -34.557  40.740 1.33e-12 7.23e-13 3.64e-13   0.002   -1.69
P02879 -34.481  39.630 5.66e-16 4.30e-16 2.74e-16   0.002   -2.21
P06975 -34.402  40.245 2.51e-17 1.14e-17 4.90e-18   0.005   -2.11
P07404 -34.345  40.066 1.96e-12 1.36e-12 7.78e-13   0.001   -1.95
P05303 -34.246  36.854 3.83e-16 3.05e-16 1.97e-16   0.003   -2.60
P01455 -34.323  39.821 1.32e-17 1.69e-17 1.67e-17   0.003   -2.29
P07840 -34.289  36.870 2.93e-14 1.51e-14 6.93e-15   0.003   -2.63
P08257 -34.238  39.927 7.29e-15 4.29e-15 2.10e-15   0.003   -2.42
P07032 -34.282  40.685 5.64e-15 3.41e-15 1.82e-15   0.002   -2.32
P00616 -34.074  40.125 1.72e-12 1.59e-12 1.20e-12   0.000   -2.59
P01977 -34.237  40.113 5.53e-16 4.20e-16 2.70e-16   0.002   -2.77
P09643 -34.176  39.970 1.45e-17 1.79e-17 1.76e-17   0.003   -2.65
P07125 -34.060  40.308 3.49e-16 2.77e-16 1.85e-16   0.004   -2.75
P09386 -34.106  35.184 1.95e-16 1.64e-16 1.17e-16   0.002   -2.65
P09305 -34.027  40.008 4.51e-17 4.78e-17 4.11e-17   0.003   -2.71
P07545 -34.088  39.754 5.67e-15 3.31e-15 1.71e-15   0.002   -2.89
P06211 -33.991  38.941 1.51e-17 7.89e-18 3.54e-18   0.002   -2.78
P08738 -33.920  38.387 2.44e-15 1.53e-15 8.54e-16   0.003   -2.91
P07328 -34.005  40.144 2.94e-14 1.55e-14 7.23e-15   0.002   -3.04
P06633 -33.960  37.511 1.87e-17 2.27e-17 2.11e-17   0.004   -2.83
P10380 -33.804  39.023 3.31e-14 1.74e-14 8.27e-15   0.002   -3.39
P08256 -33.372  39.138 2.70e-15 1.73e-15 9.27e-16   0.002   -3.35
P05179 -33.531  39.395 2.32e-17 2.79e-17 2.46e-17   0.004   -3.33
P01115 -33.311  39.219 5.95e-17 5.95e-17 4.84e-17   0.002   -3.48
P04298 -33.136  41.782 1.93e-14 1.06e-14 5.12e-15   0.002   -2.92
P09406 -32.992  40.275 1.01e-17 5.64e-18 2.70e-18   0.003   -3.49
P02480 -32.846  41.395 5.33e-16 4.06e-16 2.62e-16   0.004   -3.27
P00626 -32.570  39.377 6.74e-16 4.86e-16 3.14e-16   0.002   -3.99
P08134 -32.327  39.571 3.97e-16 3.24e-16 2.11e-16   0.002   -3.94
P03397 -32.132  39.658 1.04e-17 5.57e-18 2.52e-18   0.001   -3.99
P01584 -32.190  37.844 2.00e-12 1.41e-12 8.45e-13   0.002   -4.10
P01980 -32.070  36.449 3.57e-16 2.97e-16 1.92e-16   0.002   -3.71
P02246 -31.814  39.818 1.93e-14 1.05e-14 5.14e-15   0.003   -4.00
P05583 -31.750  37.301 1.88e-15 1.25e-15 6.79e-16   0.004   -3.91
P10452 -31.317  37.833 1.31e-16 1.20e-16 8.74e-17   0.003   -4.15
P09420 -31.279  37.447 6.40e-16 4.89e-16 2.94e-16   0.003   -4.19
P03410 -30.867  40.701 1.84e-16 1.65e-16 1.18e-16   0.002   -4.00
