name x y flux0 flux1 flux2 width rv
F08424  31.867  19.602 5.34e-17 4.78e-17 2.69e-17 22.65 -516.78
F08411  31.935  19.913 6.58e-17 6.09e-17 3.69e-17 15.82 -517.08
F08425  32.098  20.267 9.55e-17 6.04e-17 3.98e-17 23.21 -516.84
F08433  32.154  19.924 5.57e-17 4.35e-17 2.77e-17 24.63 -517.01
F08409  32.161  20.333 7.12e-17 4.03e-17 2.65e-17 33.92 -516.87
F08403  32.202  20.376 1.05e-16 5.52e-17 4.39e-17 23.77 -516.82
F08401  32.245  20.420 9.15e-17 6.91e-17 3.98e-17 21.19 -516.83
F08418  32.266  20.424 7.62e-17 5.76e-17 3.08e-17 29.80 -517.00
F08427  32.283  20.196 6.40e-17 5.83e-17 3.29e-17 21.74 -517.15
F08399  32.299  19.937 6.35e-17 4.41e-17 3.46e-17 27.70 -516.99
F08408  32.300  20.357 8.18e-17 5.54e-17 3.20e-17 20.32 -517.03
F08406  32.300  20.381 7.05e-17 5.15e-17 3.88e-17 21.33 -516.83
F08419  32.312  20.113 9.02e-17 5.75e-17 4.21e-17 18.70 -516.94
F08421  32.316  20.066 7.36e-17 4.69e-17 3.48e-17 37.02 -516.81
F08430  32.322  20.116 9.28e-17 5.16e-17 3.68e-17 24.45 -516.85
F08398  32.323  20.198 8.30e-17 6.34e-17 3.85e-17 22.13 -516.90
F08417  32.331  20.142 8.57e-17 6.78e-17 3.28e-17 31.76 -516.68
F08410  32.334  20.284 7.90e-17 6.15e-17 4.18e-17 21.32 -516.99
F08428  32.340  20.328 7.33e-17 5.37e-17 3.55e-17 11.77 -516.97
F08402  32.344  20.109 9.09e-17 6.22e-17 4.06e-17 24.43 -516.92
F08431  32.345  20.057 7.07e-17 5.35e-17 3.25e-17 22.67 -516.76
F08432  32.346  20.117 7.92e-17 4.71e-17 3.30e-17 22.60 -516.85
F08420  32.353  20.129 9.69e-17 6.18e-17 3.89e-17 21.77 -516.91
F08435  32.356  20.154 4.91e-17 4.15e-17 2.55e-17 24.16 -516.96
F08436  32.358  20.008 6.67e-17 4.87e-17 2.39e-17 21.16 -516.96
F08404  32.358  20.120 8.19e-17 5.61e-17 3.33e-17 18.16 -516.85
F08407  32.364  20.143 7.52e-17 4.42e-17 2.77e-17 19.78 -516.92
F08423  32.380  20.176 4.90e-17 4.53e-17 2.48e-17 17.42 -516.95
F08412  32.399  20.357 8.57e-17 5.86e-17 4.10e-17 18.79 -516.90
F08416  32.436  20.380 6.96e-17 5.23e-17 4.38e-17 23.18 -517.04
F08413  32.438  19.754 7.72e-17 5.15e-17 3.74e-17 19.28 -517.07
F08400  32.438  20.146 6.29e-17 3.96e-17 2.57e-17 18.20 -516.87
F08405  32.456  20.163 7.40e-17 5.05e-17 4.07e-17 18.47 -516.81
F08414  32.493  19.138 7.71e-17 6.63e-17 3.88e-17 26.45 -517.01
F08429  32.504  20.111 5.58e-17 4.07e-17 2.72e-17 15.02 -516.83
F08434  32.510  19.817 7.94e-17 5.54e-17 3.36e-17 35.35 -516.99
F08415  32.582  20.127 8.27e-17 4.48e-17 4.12e-17 24.37 -516.97
F08426  32.673  20.326 6.93e-17 4.59e-17 2.90e-17 30.09 -516.91
F08422  32.704  19.662 4.75e-17 3.45e-17 2.23e-17 22.47 -516.90
F10091  36.230  28.019 1.72e-17 1.09e-17 7.85e-18 11.90 -969.17
F10072  36.469  28.101 2.09e-17 1.65e-17 1.04e-17 10.16 -969.07
F10097  36.494  28.049 1.75e-17 1.37e-17 7.71e-18 10.79 -969.02
F10086  36.507  27.990 1.46e-17 1.10e-17 7.15e-18 10.12 -968.87
F10084  36.516  27.890 2.04e-17 1.62e-17 1.05e-17 11.06 -968.96
F10087  36.537  27.847 2.97e-17 1.89e-17 1.16e-17 10.38 -968.95
F10075  36.597  28.177 2.46e-17 1.68e-17 1.18e-17 14.73 -969.05
F10074  36.600  28.243 2.40e-17 1.62e-17 1.21e-17  7.48 -969.17
F10068  36.612  27.940 2.62e-17 1.89e-17 1.26e-17  9.82 -969.15
F10094  36.630  28.083 2.51e-17 2.02e-17 1.22e-17 17.76 -968.96
F10085  36.647  28.092 1.80e-17 1.72e-17 1.09e-17 16.52 -969.13
F10092  36.652  28.083 2.23e-17 1.60e-17 1.06e-17 10.59 -968.83
F10079  36.652  28.357 2.11e-17 1.43e-17 8.38e-18 17.90 -969.03
F10090  36.657  28.079 1.81e-17 1.31e-17 9.47e-18 11.06 -969.13
F10100  36.658  28.022 1.89e-17 1.27e-17 1.15e-17 12.70 -969.02
F10077  36.667  28.111 2.92e-17 1.97e-17 9.93e-18 13.80 -969.08
F10076  36.678  28.079 2.05e-17 1.59e-17 9.58e-18 12.39 -969.11
F10070  36.680  27.861 1.65e-17 1.23e-17 8.04e-18 10.35 -969.07
F10093  36.690  28.090 1.54e-17 1.24e-17 7.51e-18 12.20 -969.07
F10096  36.691  28.068 2.32e-17 1.59e-17 1.07e-17 10.44 -968.92
F10081  36.696  28.091 1.38e-17 1.23e-17 8.47e-18 20.10 -969.22
F10080  36.702  28.094 2.21e-17 2.00e-17 1.06e-17 12.19 -968.93
F10082  36.703  28.075 2.55e-17 1.37e-17 7.18e-18  7.54 -968.88
F10067  36.705  28.053 2.19e-17 1.41e-17 8.36e-18  9.65 -968.81
F10098  36.705  28.099 1.58e-17 1.24e-17 6.79e-18 15.49 -969.01
F10089  36.706  28.129 2.18e-17 1.58e-17 1.03e-17  6.03 -969.18
F10088  36.709  28.069 1.48e-17 1.09e-17 7.78e-18 14.13 -969.06
F10099  36.722  28.066 2.44e-17 1.68e-17 1.05e-17 10.46 -969.17
F10095  36.727  27.995 2.39e-17 1.54e-17 9.18e-18  9.37 -968.96
F10071  36.738  28.338 2.14e-17 1.46e-17 9.45e-18 11.73 -969.10
F10069  36.744  28.187 1.68e-17 1.15e-17 6.78e-18  6.54 -969.12
F10083  36.767  28.202 2.62e-17 1.48e-17 9.83e-18 11.42 -968.95
F10073  36.829  28.176 1.94e-17 1.22e-17 8.29e-18  9.31 -968.94
F10078  36.910  28.518 2.21e-17 1.96e-17 1.20e-17 16.19 -969.00
F10066  36.995  27.942 1.94e-17 1.63e-17 8.35e-18 16.78 -968.80
