name x y flux1 flux2 flux3 par rv
P04266  15.028   6.925 1.12e-15 6.02e-16 2.56e-16   0.002    0.39
P09425  15.067   7.495 4.22e-17 3.66e-17 1.94e-17   0.001    0.83
P01368  15.014   6.620 6.58e-16 3.75e-16 1.66e-16  -0.000   -0.05
P08878  15.185   6.665 2.30e-16 1.48e-16 8.59e-17  -0.001   -0.13
P01856  15.067   6.921 2.72e-16 1.61e-16 7.87e-17  -0.000    0.48
P08855  15.245   7.048 5.56e-15 2.56e-15 1.24e-15   0.000    0.47
P03314  15.252   2.299 1.01e-17 5.53e-18 2.60e-18   0.002   -0.90
P02026  15.428   6.284 2.72e-15 1.57e-15 6.86e-16   0.001   -0.40
P01834  15.605   6.087 3.97e-14 1.89e-14 8.10e-15   0.000   -0.54
P01320  15.754   5.404 7.21e-17 5.05e-17 2.91e-17   0.001   -0.84
P05569  15.803   7.324 8.17e-16 4.32e-16 2.20e-16   0.001    0.59
P02325  15.859   5.818 1.80e-16 1.18e-16 5.67e-17   0.001   -0.57
P05517  15.919   0.542 1.58e-15 9.70e-16 5.23e-16   0.003   -1.08
P07217  16.126   4.414 2.45e-15 1.38e-15 6.51e-16   0.000   -0.98
P08006  16.215   8.857 3.39e-15 1.53e-15 7.45e-16   0.001    0.98
P04372  16.594   5.678 1.28e-13 7.82e-14 3.92e-14   0.013   -0.53
P03270  16.524   0.555 2.74e-14 1.39e-14 6.39e-15   0.003   -1.01
P02926  17.813   3.119 9.05e-15 4.74e-15 2.50e-15   0.002    0.02
P05103  17.817   2.393 2.76e-16 1.97e-16 1.42e-16   0.003   -0.07
P05750  18.005   1.883 6.54e-17 6.05e-17 4.10e-17   0.002   -0.17
P00018  18.216   1.949 1.06e-12 6.18e-13 3.31e-13   0.004   -0.01
P04254  18.179   0.226 4.88e-14 2.62e-14 1.09e-14   0.003   -0.77
P08070  18.483   0.268 2.31e-17 2.29e-17 2.15e-17   0.001   -0.76
P08210  18.528   0.327 6.38e-14 3.48e-14 1.36e-14   0.003   -0.60
P04124  18.628   1.040 1.33e-16 1.34e-16 8.31e-17   0.002   -0.06
P08892  18.536   0.924 1.69e-16 1.34e-16 9.88e-17   0.001   -0.18
P09949  18.540   1.275 2.78e-15 2.03e-15 8.63e-16   0.001   -0.01
P03420  18.922   0.540 4.47e-14 2.23e-14 8.29e-15   0.001   -0.10
P08465  19.271   0.059 2.82e-16 2.09e-16 1.52e-16   0.001   -0.39
P03460  19.023   0.587 7.46e-15 4.10e-15 2.10e-15   0.004    0.23
P10021  19.286   1.037 5.69e-16 4.12e-16 2.27e-16   0.003    0.40
P02563  19.260   0.269 5.26e-17 4.24e-17 3.66e-17  -0.000   -0.01
P08872  19.266   0.078 2.60e-14 1.44e-14 6.78e-15   0.003   -0.28
P01160  19.283   0.359 5.75e-17 6.12e-17 5.23e-17   0.001    0.10
P01582  19.221   0.016 7.14e-14 3.33e-14 1.57e-14   0.002   -0.21
P00052  19.296   0.303 9.12e-17 7.55e-17 6.61e-17   0.002    0.15
P03321  19.347   1.612 2.61e-14 1.43e-14 7.48e-15   0.003    0.65
P07905  19.371   0.212 3.78e-16 3.22e-16 1.73e-16   0.003    0.46
P05339  19.330   1.093 9.59e-13 1.05e-12 8.00e-13   0.000    0.53
P04123  19.392   0.136 1.18e-14 6.54e-15 3.31e-15   0.001    0.45
P09882  19.411   0.238 1.29e-17 1.60e-17 1.54e-17   0.000    0.51
P01710  19.601   2.290 3.42e-15 2.27e-15 1.17e-15  -0.000    0.83
P04959  19.387   0.403 3.51e-15 1.85e-15 1.01e-15   0.002    0.74
P05422  19.439   3.579 5.91e-13 3.13e-13 1.42e-13   0.003    0.81
P01094  19.526   0.117 2.70e-15 1.75e-15 8.17e-16   0.002    0.49
P03188  19.554   0.684 2.17e-14 1.00e-14 4.92e-15   0.001    0.74
P05543  19.590   2.865 9.76e-13 6.70e-13 2.98e-13   0.001    0.82
P00902  19.572   0.561 2.06e-14 1.06e-14 5.15e-15   0.001    0.89
P08927  19.913   1.103 2.71e-13 4.93e-13 7.25e-13   0.002    1.00
P02075  19.782   1.129 8.28e-16 5.70e-16 3.38e-16   0.002    1.00
P01420  19.945   0.411 7.04e-15 3.90e-15 1.98e-15  -0.000    1.05
P02765  19.960   0.649 1.51e-16 1.25e-16 9.59e-17   0.002    1.08
P00222  19.898   0.461 1.02e-14 5.87e-15 3.07e-15   0.002    1.07
P03776  19.920   0.256 4.61e-13 2.80e-13 1.25e-13   0.002    1.01
P05632  19.850   0.029 9.90e-15 5.76e-15 2.42e-15   0.002    0.93
P10037  19.912   1.812 1.80e-16 1.26e-16 1.01e-16   0.001    1.15
P06472  20.183   0.082 8.99e-16 6.57e-16 3.70e-16   0.000    1.06
P07209  20.451   1.374 4.00e-13 2.37e-13 1.07e-13   0.002    1.31
P07159  20.354   1.116 5.70e-15 3.35e-15 1.56e-15   0.001    1.41
P09242  20.558   1.735 1.38e-14 8.12e-15 3.75e-15   0.002    1.40
P08943  20.687   0.158 3.03e-15 1.93e-15 1.01e-15   0.003    1.17
P01153  21.182   1.705 1.04e-12 6.67e-13 3.65e-13   0.002    1.55
P06906  22.434   5.699 2.97e-14 1.56e-14 7.65e-15   0.001    1.37
P05718  22.396   0.199 1.06e-15 7.42e-16 4.23e-16   0.003    1.59
P05810  26.388  12.542 9.46e-13 5.06e-13 2.34e-13   0.013   -0.27
P04183  28.882  13.537 2.66e-11 1.25e-11 5.53e-12   0.012   -0.15
