name x y flux1 flux2 flux3 par rv
P07623  20.700  15.234 1.72e-17 1.88e-17 1.38e-17   0.002    4.39
P00560  23.182  18.261 6.56e-15 3.28e-15 1.56e-15  -0.000    3.22
P05024  25.194  17.381 1.71e-15 9.97e-16 5.23e-16  -0.000    3.55
P10078  25.800  16.367 4.02e-15 2.25e-15 1.13e-15   0.002    3.97
P04654  25.995  17.409 1.20e-16 9.82e-17 6.10e-17  -0.000    3.29
P09963  26.066  15.542 2.01e-17 1.77e-17 1.48e-17   0.002    4.08
P07536  26.321  15.241 1.01e-14 4.79e-15 2.29e-15   0.001    3.89
P06776  26.506  17.001 4.60e-17 4.32e-17 3.07e-17   0.001    3.81
P05399  26.492  16.906 3.37e-15 1.90e-15 8.65e-16   0.002    3.56
P08253  26.562  16.721 5.22e-13 3.31e-13 2.05e-13   0.002    3.83
P06748  26.712  16.058 5.26e-16 3.56e-16 2.03e-16   0.002    3.85
P09170  26.788  16.706 1.43e-16 9.93e-17 6.06e-17  -0.000    3.76
P08476  26.766  17.296 2.39e-13 1.01e-13 5.07e-14  -0.001    3.58
P09460  26.903  17.250 1.18e-14 6.26e-15 2.91e-15   0.002    3.35
P08644  27.033  17.214 6.79e-15 3.18e-15 1.68e-15   0.002    3.25
P04857  26.913  16.541 2.82e-17 2.71e-17 1.93e-17   0.002    3.62
P10323  27.138  16.521 1.25e-15 7.08e-16 4.20e-16   0.002    3.46
P06412  27.275  17.429 5.39e-16 3.74e-16 2.22e-16   0.001    3.16
P09558  27.324  17.708 6.16e-15 3.69e-15 1.63e-15   0.002    2.47
P09011  27.516  17.705 1.38e-15 7.65e-16 4.30e-16   0.001    2.42
P07835  27.581  16.958 9.59e-15 4.67e-15 2.04e-15   0.001    3.21
P04221  27.664  16.946 3.35e-15 1.98e-15 9.08e-16   0.001    3.21
P07530  27.799  18.375 1.18e-16 9.98e-17 6.66e-17   0.001    1.73
P04401  27.727  15.672 1.38e-17 1.53e-17 1.15e-17   0.002    2.77
P03880  27.899  16.780 1.57e-15 9.06e-16 4.65e-16   0.002    2.99
P10112  27.867  16.774 1.64e-17 1.63e-17 1.18e-17   0.001    3.17
P02817  27.927  17.117 1.51e-15 8.63e-16 4.15e-16   0.003    2.89
P03253  27.776  17.461 4.36e-15 2.32e-15 1.11e-15   0.002    2.86
P07933  27.891  16.253 5.89e-17 4.69e-17 3.49e-17   0.002    2.44
P02391  28.073  17.409 2.15e-16 1.68e-16 9.12e-17  -0.000    2.68
P02556  28.094  17.320 9.44e-15 4.53e-15 2.31e-15   0.000    2.54
P06676  28.222  15.287 1.84e-16 1.37e-16 7.91e-17   0.001    2.17
P03544  28.254  18.264 2.90e-16 2.33e-16 1.34e-16   0.001    1.50
P09604  28.104  17.132 4.58e-15 2.40e-15 1.21e-15   0.002    2.64
P09435  28.215  17.383 8.80e-16 5.60e-16 3.06e-16   0.002    2.42
P09517  28.200  17.108 2.25e-17 2.10e-17 1.79e-17   0.002    2.67
P08316  28.266  17.191 2.20e-17 2.36e-17 1.78e-17   0.001    2.62
P04762  28.298  16.933 7.83e-17 5.79e-17 4.04e-17   0.002    2.42
P03832  28.370  15.563 1.27e-14 6.36e-15 3.00e-15  -0.001    2.08
P08035  28.329  15.865 2.92e-16 1.77e-16 1.04e-16   0.001    2.14
P01453  28.366  17.756 2.38e-16 1.88e-16 9.93e-17  -0.000    1.82
P03453  28.480  18.160 8.30e-17 6.70e-17 4.20e-17   0.001    1.15
P00504  28.374  18.035 2.07e-17 2.08e-17 1.77e-17   0.002    1.19
P01917  28.424  17.590 2.02e-13 1.02e-13 4.64e-14  -0.000    2.16
P00646  28.364  16.940 2.96e-16 2.21e-16 1.26e-16   0.003    1.93
P00426  28.458  17.944 3.93e-17 3.74e-17 2.56e-17   0.000    1.11
P01255  28.447  17.519 7.30e-16 4.76e-16 2.37e-16  -0.000    1.90
P09403  28.427  16.959 3.17e-17 2.86e-17 2.10e-17   0.002    1.74
P04772  28.604  17.577 8.81e-16 5.86e-16 3.02e-16   0.001    1.61
P03587  28.509  16.864 4.93e-16 3.47e-16 1.93e-16   0.003    1.70
P09020  28.593  17.247 9.14e-17 7.33e-17 4.65e-17   0.001    1.77
P06646  28.538  18.389 4.80e-13 3.05e-13 1.70e-13   0.001    0.71
P09796  28.523  17.615 3.76e-13 2.25e-13 9.78e-14   0.002    1.11
P07601  28.600  17.613 4.85e-15 2.43e-14 7.50e-14   0.000    0.97
P01355  28.625  17.437 1.02e-16 7.97e-17 5.25e-17   0.000    1.27
P04022  28.652  19.369 1.62e-16 1.34e-16 7.70e-17   0.000    0.53
P06053  28.610  17.511 2.56e-15 1.51e-15 7.02e-16   0.002    1.04
P10008  28.712  17.238 5.21e-16 3.75e-16 2.21e-16  -0.001    1.69
P02650  28.780  17.634 1.64e-13 2.82e-13 2.62e-13   0.002    0.79
P09833  28.890  17.354 1.28e-14 6.64e-15 3.18e-15  -0.000    1.30
P07618  28.726  20.320 1.43e-16 1.18e-16 6.44e-17   0.001    0.31
P04344  28.714  17.514 3.31e-16 2.21e-16 1.35e-16  -0.000    0.59
P00385  28.708  17.480 1.08e-17 1.24e-17 1.00e-17   0.000    0.59
P08776  28.914  16.120 4.93e-16 3.03e-16 1.72e-16   0.004    1.61
P05221  28.728  17.458 7.45e-15 3.50e-15 1.57e-15   0.000    0.83
P08621  28.833  17.221 3.61e-17 3.70e-17 2.44e-17   0.001    0.93
P04213  28.830  17.659 4.62e-13 3.63e-13 1.83e-13   0.001    0.30
P00071  28.800  17.626 6.58e-15 3.11e-15 1.56e-15   0.001    0.47
P02305  28.811  18.059 6.29e-15 3.39e-15 1.61e-15   0.001    0.47
P06157  28.783  17.596 4.58e-13 2.54e-13 1.35e-13  -0.000    0.57
P08509  28.881  17.851 1.10e-16 9.83e-17 5.88e-17   0.001    0.41
P01998  28.847  17.950 4.28e-17 3.54e-17 2.71e-17   0.004   -0.08
P09327  28.774  17.907 3.54e-16 2.58e-16 1.29e-16   0.001    0.24
P09689  28.791  17.885 4.06e-13 2.57e-13 1.34e-13   0.001    0.28
P08016  28.803  17.917 1.36e-16 1.16e-16 7.36e-17   0.001    0.32
P09766  28.850  18.284 6.04e-17 6.08e-17 3.98e-17   0.002    0.32
P08113  28.924  17.269 1.73e-13 2.26e-13 3.01e-13  -0.002    0.58
P09312  28.886  17.961 1.27e-17 1.26e-17 1.13e-17   0.000   -0.04
P04539  29.014  17.730 1.40e-17 1.52e-17 1.14e-17   0.001    0.03
P08945  28.918  17.175 1.86e-15 1.11e-15 5.30e-16   0.002    0.82
P07297  29.039  17.263 2.17e-13 3.02e-13 2.94e-13   0.000    0.90
P07780  29.051  18.276 3.19e-13 1.84e-13 8.05e-14   0.004    0.03
P04348  29.112  17.834 1.21e-16 1.04e-16 6.44e-17   0.001   -0.18
P08898  29.030  17.240 4.70e-13 3.66e-13 1.99e-13   0.001    0.49
P07759  29.259  19.125 1.01e-17 1.09e-17 9.28e-18   0.001    0.03
P04836  29.230  18.546 1.27e-14 7.02e-15 3.32e-15   0.000   -0.68
P03905  29.197  17.963 1.86e-16 1.51e-16 8.92e-17  -0.001   -0.37
P00358  29.237  16.969 3.56e-13 3.46e-13 2.96e-13   0.004    0.55
P00085  29.395  17.985 1.23e-15 7.92e-16 3.71e-16   0.002   -0.57
P03643  29.331  18.415 1.24e-14 5.47e-15 2.75e-15   0.001   -0.52
P03987  29.415  16.837 4.79e-15 2.56e-15 1.26e-15   0.001    0.70
P04295  29.558  18.876 1.10e-15 6.62e-16 3.57e-16   0.002   -0.60
P06705  29.540  18.627 1.07e-15 7.27e-16 3.66e-16   0.000   -0.83
P00625  29.813  17.260 2.18e-14 1.09e-14 4.76e-15   0.001    0.05
P07284  29.983  17.808 4.49e-13 2.72e-13 1.39e-13   0.000   -0.73
P06151  29.844  18.683 1.15e-14 5.21e-15 2.42e-15   0.001   -1.08
P01714  29.812  19.849 7.18e-15 3.67e-15 1.85e-15   0.001   -0.66
P02005  29.875  18.395 2.03e-14 9.84e-15 4.21e-15   0.001   -1.05
