name x y flux1 flux2 flux3 par rv
P01682  15.275 -33.176 3.77e-14 2.43e-14 1.04e-14   0.004   -3.25
P03091  15.537 -33.575 5.75e-15 4.25e-15 2.51e-15   0.006   -3.27
P09756  15.463 -41.699 3.18e-16 2.56e-16 2.04e-16   0.002    0.70
P08633  16.302 -43.872 1.02e-15 6.42e-16 4.98e-16   0.004    0.87
P04739  16.302 -31.473 1.27e-13 8.35e-14 2.80e-14   0.006   -3.36
P05362  16.796 -33.626 6.70e-15 4.84e-15 2.75e-15   0.005   -3.41
P02288  17.078 -30.536 2.05e-14 9.86e-15 5.37e-15   0.004   -3.29
P05108  19.847 -41.536 5.59e-14 3.07e-14 1.62e-14   0.004   -0.08
P05975  20.394 -38.503 1.88e-13 1.00e-13 3.59e-14   0.005   -3.27
P07578  21.750 -33.004 3.55e-15 2.75e-15 1.31e-15   0.005   -3.74
P10348  21.870 -35.356 7.09e-14 3.78e-14 1.97e-14   0.005   -3.76
P08707  22.109 -43.669 1.20e-17 1.95e-17 2.25e-17   0.003   -0.48
P10357  26.208 -37.095 2.65e-14 1.28e-14 9.12e-15   0.006   -3.86
P02999  29.137 -34.261 3.00e-13 1.27e-13 6.42e-14   0.006    1.89
P01813  29.393 -41.728 5.63e-17 6.76e-17 8.31e-17   0.004   -3.64
