name x y flux1 flux2 flux3 par rv
P01278 -29.857 -16.986 2.13e-13 1.04e-13 5.22e-14   0.003   -3.08
P04364 -29.585 -17.225 8.19e-17 9.94e-17 9.04e-17   0.004   -3.10
P08919 -29.468 -19.029 2.95e-14 1.46e-14 8.60e-15   0.004   -3.10
P06985 -23.671 -16.721 2.62e-11 2.35e-11 1.68e-11   0.010   -1.10
P01711 -18.834 -25.078 2.02e-11 1.95e-11 1.35e-11   0.008   -0.78
P01897 -18.416 -24.137 2.03e-13 1.22e-13 6.14e-14   0.001   -0.15
P00685 -18.317 -20.395 2.85e-15 1.60e-15 8.04e-16   0.000   -0.76
P05642 -18.178 -27.206 1.06e-14 5.56e-15 2.63e-15   0.000    0.01
P08977 -17.414 -22.388 5.15e-17 4.29e-17 2.71e-17   0.003   -0.49
P04189 -16.923 -21.118 3.50e-15 2.02e-15 8.67e-16   0.002   -0.72
P03990 -16.809 -20.669 5.31e-15 2.56e-15 1.20e-15  -0.001   -0.81
P04469 -16.853 -19.974 2.09e-16 1.66e-16 7.37e-17  -0.000   -0.94
P08284 -16.818 -22.096 8.78e-17 6.91e-17 4.77e-17   0.001   -0.60
P00209 -16.602 -21.695 4.52e-17 3.08e-17 2.34e-17   0.000   -0.57
P08056 -15.205 -23.577 2.41e-13 1.42e-13 8.05e-14  -0.000   -0.10
P00314 -15.228 -22.523 9.78e-16 5.79e-16 2.88e-16   0.001   -0.54
P04740 -15.146 -22.929 1.27e-14 5.56e-15 2.40e-15   0.001   -0.38
P05105 -15.137 -24.076 1.32e-14 6.36e-15 3.11e-15   0.001   -0.09
P06488 -15.033 -21.109 1.12e-17 1.25e-17 8.50e-18   0.002   -0.89
P08127 -15.120 -23.601 3.32e-15 1.83e-15 8.51e-16   0.001   -0.10
