name x y flux1 flux2 flux3 par rv
P08975 -29.972 -23.147 1.61e-17 1.66e-17 1.47e-17   0.002   -3.13
P09260 -29.878 -22.688 2.25e-16 2.34e-16 1.42e-16   0.003   -3.57
P03153 -29.797 -23.108 1.38e-14 7.80e-15 3.57e-15   0.002   -3.40
P00705 -29.547 -22.386 3.26e-16 3.38e-16 2.56e-16   0.003    2.30
P06197 -29.359 -27.128 7.51e-16 6.90e-16 4.04e-16   0.002   -3.61
P00550 -29.346 -16.045 8.70e-12 6.16e-12 3.26e-12   0.005    2.16
P03154 -29.190 -22.916 1.73e-16 1.43e-16 9.22e-17   0.002   -2.45
P04334 -29.126 -22.551 4.04e-14 1.96e-14 9.71e-15   0.001   -3.43
P09333 -29.128 -22.493 1.23e-14 6.65e-15 3.21e-15   0.003   -2.31
P08488 -29.052 -22.514 7.67e-13 8.58e-13 7.00e-13   0.001   -3.08
P00021 -29.014 -22.620 3.43e-15 2.06e-15 1.12e-15   0.001   -3.17
P06892 -28.938 -19.691 9.89e-12 7.24e-12 3.65e-12   0.006    2.20
P09554 -28.804 -22.981 2.37e-15 1.51e-15 7.79e-16   0.001   -2.42
P05259 -28.854 -23.323 1.61e-14 1.00e-14 3.84e-15   0.000   -2.01
P06114 -28.732 -22.758 3.37e-15 2.24e-15 9.35e-16   0.002   -2.07
P07117 -28.410 -22.243 1.34e-14 6.82e-15 3.11e-15   0.003   -2.71
P06901 -28.419 -22.071 8.69e-13 4.74e-13 2.08e-13   0.002   -2.61
P05371 -28.365 -22.309 1.21e-16 1.36e-16 8.35e-17   0.002   -2.89
P07002 -28.360 -22.570 8.41e-17 7.63e-17 5.76e-17   0.002   -2.93
P01915 -28.237 -22.305 7.24e-13 3.06e-13 1.45e-13   0.002   -2.60
P04080 -28.167 -22.395 4.17e-15 2.56e-15 1.07e-15   0.002   -2.04
P02368 -28.230 -22.268 1.88e-17 8.18e-18 3.31e-18   0.003   -2.39
P07975 -28.178 -22.156 3.05e-15 1.53e-15 8.61e-16   0.001   -2.77
P08167 -28.169 -22.305 1.69e-16 1.38e-16 9.72e-17   0.003   -2.63
P02058 -28.085 -22.398 4.60e-14 2.13e-14 9.84e-15   0.002   -2.66
P07363 -28.068 -22.666 3.20e-15 2.06e-15 1.05e-15   0.001   -2.06
P08326 -27.871 -22.188 4.21e-14 1.91e-14 7.71e-15   0.001   -2.58
P04926 -27.712 -16.093 7.62e-14 4.23e-14 1.87e-14   0.005    2.14
P06208 -27.672 -22.143 9.84e-17 8.98e-17 6.62e-17   0.004   -2.12
P05180 -27.637 -22.268 4.91e-16 3.55e-16 2.14e-16   0.002   -2.45
P01340 -27.622 -21.949 1.07e-12 9.39e-13 7.24e-13   0.001   -2.37
P03027 -27.487 -22.208 8.00e-15 4.80e-15 2.44e-15   0.000   -2.47
P07451 -27.488 -21.995 1.52e-14 8.14e-15 3.86e-15   0.002   -1.61
P06046 -27.432 -22.137 5.20e-16 4.89e-16 3.80e-16   0.005    1.90
P01243 -27.363 -21.843 1.08e-14 7.90e-15 3.02e-15  -0.001   -1.98
P06576 -27.232 -22.136 3.18e-14 1.45e-14 7.90e-15   0.001   -1.93
P01264 -27.362 -22.004 9.50e-15 5.91e-15 2.77e-15   0.002   -2.17
P06391 -27.129 -21.776 3.28e-17 3.18e-17 2.79e-17   0.005   -1.74
P05373 -27.233 -21.889 1.10e-14 6.76e-15 2.89e-15   0.001   -1.87
P02156 -27.320 -21.758 6.39e-13 3.59e-13 1.44e-13   0.000   -1.89
P03773 -27.226 -21.763 7.19e-15 4.38e-15 2.21e-15   0.001   -1.48
P06210 -27.185 -22.594 2.95e-14 1.63e-14 7.08e-15   0.003   -2.12
P03542 -27.251 -21.842 1.68e-15 9.95e-16 4.99e-16   0.004   -1.65
P00807 -27.078 -21.812 2.90e-17 3.02e-17 2.45e-17   0.004   -1.67
P02334 -27.143 -21.861 4.93e-14 2.17e-14 1.08e-14   0.001   -1.40
P00206 -27.173 -21.912 2.62e-16 2.30e-16 1.46e-16  -0.001   -1.35
P03295 -27.103 -21.797 3.75e-17 3.55e-17 2.78e-17   0.001   -1.69
P06430 -26.859 -21.931 8.63e-16 5.90e-16 3.34e-16   0.001   -1.35
P04105 -26.961 -22.214 2.51e-14 1.70e-14 8.46e-15   0.001   -1.60
P06902 -26.925 -21.766 1.51e-15 1.05e-15 5.55e-16   0.000   -1.37
P00390 -26.949 -21.687 3.03e-14 1.30e-14 6.02e-15   0.002   -0.89
P05251 -26.859 -21.586 1.08e-17 1.25e-17 1.35e-17   0.001   -1.05
P09018 -26.880 -21.573 2.64e-14 1.19e-14 6.35e-15   0.004   -0.89
P06147 -26.946 -21.773 9.27e-16 6.53e-16 3.60e-16   0.001   -1.06
P10206 -26.873 -21.862 3.20e-15 2.15e-15 9.30e-16   0.003   -1.01
P02023 -26.861 -21.792 6.08e-14 2.48e-14 1.29e-14   0.000   -0.62
P02251 -26.838 -21.929 3.00e-15 1.86e-15 9.49e-16   0.002   -0.94
P01532 -26.738 -21.581 1.10e-16 8.38e-17 6.54e-17   0.002   -0.37
P07255 -26.817 -21.731 1.30e-16 1.34e-16 8.05e-17   0.002   -0.81
P07636 -26.769 -21.730 3.36e-15 1.59e-15 1.05e-15   0.002   -0.23
P09459 -26.609 -21.617 1.53e-16 1.39e-16 8.49e-17   0.001   -0.53
P05749 -26.631 -21.712 2.83e-15 1.83e-15 9.90e-16   0.002   -0.63
P07099 -26.586 -18.567 3.51e-15 2.15e-15 1.45e-15   0.004    2.02
P05528 -26.573 -22.095 9.52e-17 8.18e-17 6.10e-17   0.001   -0.08
P01005 -26.512 -21.538 1.41e-17 1.65e-17 1.62e-17   0.002   -0.57
P08868 -26.449 -21.544 1.57e-16 1.24e-16 8.90e-17   0.002    0.21
P02534 -26.525 -21.333 2.95e-17 3.09e-17 2.15e-17   0.000    0.23
P02346 -26.396 -21.581 3.27e-17 1.37e-17 6.15e-18   0.001    0.32
P04593 -26.405 -21.196 3.13e-17 3.18e-17 2.59e-17   0.000   -0.72
P05707 -26.301 -21.595 1.09e-17 1.31e-17 1.34e-17   0.002    0.15
P00197 -26.345 -21.157 6.25e-17 5.97e-17 3.91e-17   0.001    0.09
P01975 -26.358 -21.430 7.28e-16 4.51e-16 2.56e-16   0.003    0.11
P06732 -26.298 -21.405 5.22e-17 5.75e-17 4.79e-17   0.002    0.01
P04281 -26.166 -21.125 6.68e-17 7.01e-17 4.92e-17   0.000   -0.09
P06735 -25.844 -21.635 1.80e-15 9.94e-16 6.35e-16   0.003    0.33
P04005 -25.720 -21.436 1.68e-15 1.26e-15 6.12e-16   0.001    0.67
P04715 -25.846 -15.955 1.36e-16 1.25e-16 1.20e-16   0.005    2.06
P10465 -25.707 -21.329 2.08e-17 2.05e-17 1.90e-17   0.002    0.66
P07400 -25.435 -27.471 1.57e-13 7.77e-14 3.48e-14   0.003   -3.66
P07441 -25.308 -21.073 3.05e-15 1.78e-15 1.05e-15   0.002    1.25
P03319 -25.066 -20.773 3.09e-15 1.94e-15 9.32e-16   0.003    1.30
P01176 -25.024 -20.766 4.60e-16 3.11e-16 1.82e-16   0.000    1.41
P08421 -25.050 -22.468 3.71e-17 5.97e-17 6.71e-17   0.007    1.71
P05732 -24.996 -20.577 1.98e-15 1.28e-15 7.20e-16   0.002    1.36
P00274 -24.651 -20.894 4.69e-16 2.96e-16 1.90e-16   0.002    1.57
P05987 -24.555 -20.771 2.15e-17 2.58e-17 2.18e-17   0.001    1.40
P00477 -24.566 -20.241 2.38e-16 2.25e-16 1.29e-16   0.003    1.11
P05954 -24.468 -20.419 3.81e-14 1.98e-14 7.92e-15   0.002    1.17
P03064 -24.343 -20.399 4.60e-16 3.29e-16 1.80e-16   0.004    1.66
P05907 -24.207 -20.853 3.67e-14 1.71e-14 7.53e-15   0.001    0.82
P04272 -24.366 -20.437 3.77e-17 4.41e-17 3.58e-17   0.003    1.65
P05760 -24.235 -20.489 6.22e-16 3.90e-16 2.36e-16   0.001    1.46
P05220 -24.021 -20.542 9.26e-13 9.73e-13 7.25e-13   0.001    1.66
P05441 -23.630 -20.330 2.45e-17 2.68e-17 2.30e-17   0.002    1.85
P08011 -23.080 -19.951 7.73e-13 4.39e-13 2.22e-13   0.002    1.66
P00491 -22.384 -19.445 4.94e-13 2.56e-13 1.18e-13   0.005    1.22
P04702 -22.205 -19.341 6.92e-16 5.34e-16 2.90e-16   0.003    2.19
P02286 -21.408 -19.349 1.29e-17 1.52e-17 1.36e-17   0.001    2.03
P05184 -21.375 -18.864 6.85e-16 4.14e-16 2.65e-16   0.002    1.67
P04186 -21.366 -19.406 9.72e-16 5.94e-16 3.98e-16   0.002    1.85
P06895 -20.411 -19.065 1.39e-17 2.00e-17 1.57e-17   0.002    2.48
P06190 -18.734 -18.220 7.80e-13 5.77e-13 2.82e-13   0.002    2.57
P06718 -16.745 -29.001 1.57e-15 1.35e-15 8.31e-16   0.002   -2.41
