name x y flux0 flux1 flux2 width rv
F04591 -29.984   0.124 1.13e-16 9.19e-17 5.98e-17 42.19 -328.20
F04601 -29.652   0.001 1.30e-16 1.10e-16 6.51e-17 34.08 -328.06
F04609 -29.532   0.002 1.72e-16 1.22e-16 6.90e-17 20.72 -328.13
F04597 -29.507   1.689 1.69e-16 1.36e-16 9.16e-17 34.84 -328.03
F04607 -29.493   0.271 1.29e-16 9.97e-17 5.63e-17 28.14 -328.08
F04592 -29.486   0.077 1.84e-16 1.37e-16 9.19e-17 30.98 -328.21
F04598 -29.479   0.147 1.87e-16 1.41e-16 8.15e-17 32.70 -328.18
F04575 -29.467   0.026 1.68e-16 1.17e-16 8.23e-17 24.58 -327.98
F04572 -29.457   0.161 1.96e-16 8.80e-17 6.69e-17 33.21 -328.22
F04576 -29.408   0.014 1.77e-16 1.26e-16 1.09e-16 38.80 -328.12
F04605 -29.404   0.216 1.99e-16 1.48e-16 9.86e-17 27.26 -328.03
F04584 -29.398   0.007 1.14e-16 9.08e-17 6.12e-17 33.65 -327.87
F04582 -29.395   0.395 1.49e-16 1.06e-16 7.06e-17 22.79 -328.10
F04585 -29.384   0.037 1.92e-16 1.55e-16 1.02e-16 31.13 -327.99
F04586 -29.364   0.167 2.03e-16 1.32e-16 1.08e-16 43.57 -328.21
F04604 -29.357   0.002 2.22e-16 1.35e-16 9.86e-17 36.95 -328.10
F04579 -29.353   0.053 1.77e-16 1.52e-16 1.00e-16 34.68 -328.15
F04599 -29.329   0.459 1.67e-16 1.28e-16 8.62e-17 34.32 -328.18
F04603 -29.316   0.074 2.03e-16 1.41e-16 1.07e-16 49.26 -328.17
F04594 -29.082   0.377 1.67e-16 1.25e-16 7.45e-17 20.91 -328.20
F04571 -28.962   0.344 1.33e-16 1.15e-16 6.34e-17 33.64 -328.09
F04587 -28.842   0.567 1.55e-16 1.16e-16 8.59e-17 22.72 -328.05
F04590 -27.689   0.892 2.28e-16 1.45e-16 8.51e-17 34.92 -327.81
