name x y flux1 flux2 flux3 par rv
P08482 -28.852 -34.848 2.90e-16 3.32e-16 2.00e-16   0.005   -2.94
P09952 -27.298 -31.780 9.33e-17 1.01e-16 9.75e-17   0.004   -3.33
P05153 -27.022 -31.666 3.67e-12 1.90e-12 1.08e-12   0.004   -3.51
P08616 -26.054 -35.537 1.15e-13 4.79e-14 2.18e-14   0.003   -2.96
P07276 -24.744 -35.590 5.08e-17 4.48e-17 2.79e-17   0.001   -5.52
P03530 -24.216 -39.571 3.72e-16 3.63e-16 2.19e-16   0.004   -2.37
P08350 -24.005 -39.770 1.53e-17 2.01e-17 2.50e-17   0.005   -1.97
P03427 -24.025 -44.126 8.53e-14 4.13e-14 1.88e-14   0.002   -0.96
P01983 -23.381 -37.778 1.22e-15 8.41e-16 4.52e-16   0.004   -2.53
P03850 -23.250 -35.516 6.01e-15 2.94e-15 1.45e-15   0.001   -4.39
P08454 -22.491 -33.891 1.81e-13 1.11e-13 5.95e-14  -0.001   -3.71
P04544 -22.317 -40.937 2.53e-16 2.16e-16 1.56e-16   0.005   -1.37
P08353 -22.095 -38.158 7.37e-13 1.49e-12 2.03e-12   0.003   -2.63
P01810 -22.149 -32.405 1.13e-13 5.24e-14 2.84e-14  -0.001   -1.80
P07384 -22.212 -35.570 1.37e-14 8.66e-15 4.63e-15   0.003   -3.13
P08928 -21.917 -34.512 1.07e-15 5.21e-16 2.81e-16   0.004   -5.04
P04621 -21.983 -34.879 2.91e-15 1.80e-15 5.96e-16   0.000   -4.83
P07039 -21.815 -37.461 4.73e-16 3.63e-16 2.46e-16   0.004   -2.65
P10072 -21.929 -35.828 9.14e-16 6.81e-16 4.28e-16   0.003   -3.16
P02342 -21.904 -32.593 7.83e-14 3.96e-14 2.06e-14   0.001   -1.90
P02826 -21.921 -34.462 4.29e-16 2.54e-16 1.24e-16   0.001   -5.01
P01527 -21.795 -39.838 1.90e-14 9.82e-15 5.26e-15   0.004   -1.63
P10151 -21.727 -34.110 6.06e-16 3.81e-16 2.21e-16   0.000   -4.53
P07030 -21.671 -35.167 2.35e-12 1.42e-12 7.29e-13   0.003   -3.07
P09906 -21.641 -34.167 4.16e-17 3.03e-17 2.40e-17   0.001   -4.05
P03636 -21.444 -34.386 2.32e-12 2.44e-12 2.54e-12   0.004   -3.23
P03808 -21.487 -34.044 7.91e-15 3.72e-15 1.99e-15   0.002   -3.81
P07126 -21.449 -35.733 1.46e-17 2.34e-17 2.38e-17   0.003   -3.07
P09692 -21.385 -34.320 1.15e-16 6.12e-17 4.40e-17   0.002   -4.70
P01009 -21.262 -34.397 1.35e-13 1.11e-13 1.11e-13   0.000   -3.92
P03437 -21.115 -33.764 1.57e-15 9.80e-16 4.67e-16   0.002   -3.06
P02848 -21.124 -34.643 2.77e-17 2.15e-17 1.50e-17   0.000   -3.24
P06276 -20.965 -34.313 8.96e-15 4.85e-15 1.73e-15   0.000   -4.20
P00962 -20.896 -34.120 1.36e-15 7.41e-16 3.87e-16   0.001   -3.85
P06177 -20.905 -44.448 3.30e-16 3.19e-16 2.43e-16   0.004   -0.18
P02259 -20.948 -34.003 4.46e-17 3.97e-17 2.22e-17   0.001   -4.00
P08773 -20.899 -34.238 2.32e-15 1.29e-15 5.25e-16  -0.000   -4.09
P00451 -20.901 -34.124 1.60e-13 1.14e-13 6.79e-14   0.002   -3.81
P02076 -20.954 -33.869 1.21e-15 6.37e-16 2.86e-16  -0.001   -3.49
P06316 -20.892 -34.082 1.60e-16 8.50e-17 5.63e-17  -0.001   -3.72
P07681 -20.819 -34.214 3.25e-16 1.85e-16 1.07e-16   0.000   -3.15
P02771 -20.994 -34.373 7.59e-16 4.69e-16 2.37e-16   0.001   -3.36
P00639 -20.689 -34.134 1.50e-16 9.67e-17 5.95e-17   0.001   -3.56
P05186 -20.742 -37.417 2.47e-13 1.29e-13 6.07e-14   0.003   -2.65
P08066 -20.697 -41.634 1.40e-13 8.11e-14 2.91e-14   0.003   -0.77
P05145 -20.695 -33.914 4.67e-15 2.36e-15 1.09e-15   0.001   -3.61
P09853 -20.627 -34.015 1.39e-17 1.12e-17 8.18e-18   0.000   -3.54
P02504 -20.657 -34.053 3.30e-16 1.54e-16 1.01e-16   0.000   -2.33
P06842 -20.679 -34.295 9.65e-14 5.72e-14 2.14e-14   0.001   -2.84
P09064 -20.730 -34.011 2.43e-17 2.16e-17 1.23e-17   0.001   -3.42
P07353 -20.856 -34.196 2.79e-16 1.78e-16 1.03e-16   0.001   -2.50
P03847 -20.586 -33.980 5.95e-15 3.25e-15 1.15e-15   0.000   -3.25
P01900 -20.660 -33.900 4.77e-16 2.70e-16 1.38e-16  -0.000   -2.36
P04201 -20.765 -33.886 1.54e-17 1.33e-17 8.93e-18  -0.001   -2.65
P03685 -20.598 -33.948 5.60e-14 3.31e-14 1.36e-14   0.001   -3.00
P09482 -20.595 -34.054 6.60e-15 2.89e-15 1.32e-15  -0.000   -3.33
P04520 -20.523 -33.871 7.70e-16 4.99e-16 2.55e-16   0.001   -2.67
P08323 -20.718 -33.886 3.22e-16 1.95e-16 9.67e-17  -0.001   -3.24
P07498 -20.497 -33.661 1.83e-17 1.80e-17 1.24e-17   0.002   -1.65
P04428 -20.492 -34.130 1.02e-15 4.63e-16 2.58e-16   0.001   -3.00
P08532 -20.483 -33.932 1.54e-13 9.98e-14 5.51e-14   0.001   -2.86
P04807 -20.458 -33.872 2.77e-16 1.72e-16 9.28e-17   0.001   -1.72
P07778 -20.501 -33.735 8.12e-16 4.10e-16 2.56e-16  -0.000   -2.68
P05570 -20.460 -34.458 2.79e-16 1.55e-16 1.13e-16   0.002   -3.37
P05305 -20.536 -33.800 5.68e-17 3.99e-17 2.94e-17   0.001   -2.79
P05141 -20.437 -34.079 1.97e-13 1.13e-13 5.82e-14  -0.000   -2.11
P03842 -20.413 -33.981 2.66e-16 2.09e-16 8.70e-17  -0.000   -1.53
P03708 -20.462 -34.033 2.16e-15 1.25e-15 5.19e-16   0.000   -2.25
P04698 -20.350 -33.950 9.15e-14 4.18e-14 1.85e-14  -0.001   -2.42
P05983 -20.260 -34.068 6.71e-16 4.04e-16 2.05e-16   0.000   -1.84
P09553 -20.420 -33.939 5.88e-16 3.63e-16 1.82e-16   0.002   -2.45
P08039 -20.357 -33.831 5.57e-15 3.03e-15 1.38e-15   0.002   -2.22
P06780 -20.427 -33.717 3.80e-15 1.92e-15 8.16e-16   0.001   -1.61
P10122 -20.353 -34.025 1.47e-13 1.16e-13 9.04e-14  -0.000   -1.50
P10453 -20.399 -34.067 4.64e-15 2.78e-15 1.36e-15   0.000   -2.45
P03191 -20.408 -33.684 5.37e-15 3.02e-15 1.11e-15   0.001   -1.61
P08876 -20.189 -33.938 9.65e-14 5.19e-14 2.40e-14   0.001   -1.95
P04514 -20.245 -34.075 1.78e-16 1.27e-16 6.26e-17   0.001   -1.28
P04695 -20.364 -33.976 3.45e-17 2.46e-17 2.00e-17   0.002   -1.05
P05894 -20.501 -33.443 1.77e-17 1.63e-17 9.93e-18  -0.000    0.08
P06161 -20.320 -33.842 7.16e-16 4.42e-16 2.34e-16   0.001   -0.91
P02977 -20.355 -33.708 8.96e-14 4.72e-14 2.03e-14   0.003   -1.37
P01293 -20.218 -33.890 1.77e-13 1.38e-13 7.30e-14   0.001   -0.88
P00007 -20.311 -34.024 2.63e-15 1.82e-15 6.01e-16   0.002   -1.30
P10133 -20.238 -33.831 3.65e-15 1.62e-15 8.85e-16  -0.000   -0.85
P08450 -20.336 -33.941 4.36e-16 2.57e-16 1.08e-16  -0.000   -0.87
P04278 -20.079 -33.848 9.78e-16 6.75e-16 2.96e-16  -0.000   -0.40
P07558 -20.211 -34.064 1.46e-13 1.43e-13 1.02e-13   0.001   -0.88
P05036 -20.254 -34.280 2.28e-17 2.08e-17 1.34e-17   0.001   -0.95
P06229 -20.198 -33.819 1.34e-13 7.85e-14 2.91e-14   0.000    0.12
P06402 -20.245 -33.933 5.61e-16 2.77e-16 1.40e-16   0.000    0.46
P02232 -20.287 -33.496 4.97e-15 2.23e-15 1.06e-15  -0.000    0.28
P08184 -20.166 -33.807 1.52e-15 9.38e-16 4.28e-16   0.000    0.47
P06998 -20.278 -33.967 2.29e-15 1.06e-15 5.11e-16   0.000   -0.57
P09366 -20.264 -33.675 4.13e-15 2.10e-15 8.63e-16   0.000    0.90
P03416 -20.025 -34.040 1.34e-13 7.68e-14 4.25e-14  -0.001   -0.59
P03691 -20.245 -33.959 9.61e-16 5.70e-16 2.89e-16  -0.001   -0.28
P01843 -20.047 -34.086 3.62e-16 2.09e-16 1.36e-16  -0.001    0.13
P05131 -20.129 -33.427 7.31e-16 3.52e-16 1.71e-16   0.001    1.12
P03137 -20.124 -33.880 2.92e-16 1.72e-15 9.50e-15   0.003    0.45
P07603 -20.217 -31.640 7.91e-17 9.25e-17 8.09e-17   0.003   -3.12
P02559 -20.068 -34.114 1.48e-13 1.03e-13 5.47e-14   0.001   -0.58
P02260 -20.086 -33.856 6.98e-17 5.75e-17 3.02e-17   0.002    0.33
P02520 -20.258 -34.500 1.30e-15 6.07e-16 3.34e-16   0.000   -0.89
P05324 -20.308 -33.670 3.56e-16 2.11e-16 1.28e-16   0.001    0.27
P09088 -20.044 -33.278 3.22e-16 2.15e-16 9.29e-17  -0.001    0.01
P04838 -20.126 -33.383 1.88e-13 1.12e-13 6.50e-14   0.001    0.48
P09725 -20.208 -33.875 2.92e-15 1.74e-15 7.20e-16   0.002    1.06
P06058 -20.108 -33.824 4.14e-16 2.29e-16 1.38e-16  -0.000    1.02
P00947 -20.088 -33.821 3.97e-17 3.40e-17 2.23e-17   0.000   -0.03
P04753 -20.175 -33.772 5.73e-15 3.13e-15 1.41e-15   0.001    1.12
P03581 -20.107 -38.318 4.16e-16 3.34e-16 2.09e-16   0.004   -2.43
P08033 -20.102 -33.664 7.60e-17 5.89e-17 4.14e-17  -0.001    0.51
P08060 -20.030 -34.015 3.06e-17 2.40e-17 1.76e-17  -0.000    1.08
P01580 -19.920 -33.588 7.59e-17 5.78e-17 3.15e-17   0.000    0.95
P10391 -20.102 -33.897 5.47e-16 3.39e-16 1.72e-16  -0.001    0.80
P00682 -20.050 -33.894 1.54e-13 1.32e-13 6.88e-14  -0.000    0.49
P05555 -20.048 -33.789 1.73e-17 1.65e-17 1.03e-17   0.001    0.73
P06865 -20.003 -33.654 4.75e-16 2.93e-16 1.50e-16   0.002    1.69
P05764 -19.924 -33.628 7.64e-15 3.25e-15 1.74e-15   0.001    1.76
P08049 -19.931 -33.954 7.87e-17 7.32e-17 3.79e-17   0.001    1.37
P08484 -19.926 -33.646 9.44e-15 3.71e-15 1.57e-15   0.001    1.51
P04999 -19.959 -33.903 3.82e-16 2.33e-16 1.25e-16   0.002    1.40
P10190 -19.842 -33.999 1.75e-13 9.08e-14 4.89e-14   0.001    1.20
P01613 -19.972 -33.767 2.75e-16 1.64e-16 8.74e-17   0.001    1.89
P02750 -19.764 -38.419 1.41e-13 5.86e-14 3.39e-14   0.004   -1.96
P03038 -19.912 -33.571 8.41e-17 7.65e-17 3.91e-17   0.000    1.80
P03301 -19.896 -33.599 4.77e-15 2.33e-15 1.08e-15   0.001    1.67
P05485 -19.942 -33.769 7.30e-15 3.59e-15 1.61e-15  -0.000    1.98
P08803 -19.846 -38.874 7.12e-16 6.71e-16 3.82e-16   0.001   -1.85
P03476 -19.714 -33.725 2.00e-17 1.59e-17 1.10e-17   0.001    2.06
P09557 -19.795 -33.688 7.49e-17 5.33e-17 3.25e-17   0.000    2.21
P09534 -19.736 -40.677 6.02e-14 3.28e-14 1.81e-14   0.005   -0.69
P04465 -19.739 -33.984 1.43e-13 6.46e-14 3.83e-14  -0.002    0.38
P07647 -19.775 -34.283 1.16e-15 7.12e-16 3.50e-16   0.001    0.64
P05822 -19.737 -33.753 1.08e-15 7.24e-16 2.84e-16   0.001    2.27
P09297 -19.657 -33.592 7.62e-17 5.72e-17 3.50e-17  -0.001    2.17
P10113 -19.609 -40.411 1.31e-16 1.44e-16 9.70e-17   0.004   -0.84
P05279 -19.722 -33.492 3.02e-17 2.63e-17 1.80e-17   0.001    2.26
P08950 -19.655 -33.776 6.60e-15 3.32e-15 1.38e-15   0.002    2.22
P07268 -19.641 -33.932 1.66e-16 1.15e-16 6.99e-17  -0.000    2.04
P08662 -19.651 -33.563 1.10e-17 1.22e-17 7.57e-18   0.002    2.48
P05757 -19.568 -33.798 1.93e-15 9.88e-16 5.13e-16   0.002    2.13
P05818 -19.339 -33.565 5.64e-15 3.27e-15 1.39e-15   0.001    2.27
P07021 -19.315 -33.199 1.50e-15 7.89e-16 4.76e-16   0.000    2.05
P07674 -19.314 -33.288 8.64e-17 7.04e-17 3.85e-17  -0.000    2.76
P05967 -19.391 -35.320 3.76e-12 2.06e-12 1.09e-12   0.005   -2.67
P02192 -19.181 -33.092 9.87e-17 6.38e-17 3.36e-17   0.001    2.48
P05187 -19.222 -33.004 4.33e-15 2.41e-15 1.04e-15   0.001    1.56
P09354 -19.203 -34.046 4.34e-17 4.08e-17 2.40e-17   0.001    0.85
P06321 -19.141 -33.723 1.06e-15 5.21e-16 2.88e-16  -0.000    2.38
P09955 -19.026 -37.302 5.11e-17 2.60e-17 1.20e-17   0.004   -2.49
P02445 -18.982 -33.650 4.72e-15 2.25e-15 1.19e-15   0.002    2.11
P06716 -19.050 -40.714 4.99e-14 2.55e-14 1.44e-14   0.002   -0.56
P03943 -19.108 -39.488 5.00e-16 4.97e-16 2.97e-16   0.003   -1.04
P05280 -18.937 -36.445 5.21e-17 5.35e-17 5.58e-17   0.003   -2.59
P04370 -18.958 -35.522 1.16e-16 5.31e-17 2.48e-17   0.003   -2.56
P03936 -18.901 -39.314 5.53e-14 3.12e-14 1.46e-14   0.003   -1.35
P01627 -18.933 -33.166 7.25e-15 3.52e-15 1.53e-15   0.000    3.13
P04441 -18.835 -39.870 3.09e-12 1.79e-12 8.36e-13   0.004   -0.80
P06766 -18.829 -33.236 3.30e-15 1.79e-15 8.78e-16   0.002    3.08
P04655 -18.857 -39.720 1.19e-16 1.03e-16 9.65e-17   0.003   -0.87
P07582 -18.663 -37.151 1.49e-13 7.29e-14 3.17e-14   0.003   -2.27
P05692 -18.710 -39.045 1.28e-16 1.17e-16 9.30e-17   0.004   -1.75
P09975 -18.734 -33.620 1.35e-16 9.58e-17 4.58e-17   0.001    2.48
P06578 -18.450 -44.142 5.28e-17 5.94e-17 5.60e-17   0.003    0.33
P02975 -18.501 -33.683 1.03e-14 6.29e-15 3.99e-15   0.003   -2.90
P05096 -18.473 -33.540 1.34e-16 9.63e-17 5.08e-17  -0.000    2.81
P05489 -18.527 -33.347 5.80e-17 4.88e-17 2.75e-17   0.000    2.86
P05922 -18.521 -39.129 8.20e-15 5.38e-15 2.62e-15   0.003   -1.38
P03467 -18.576 -38.933 1.64e-12 2.29e-12 2.60e-12   0.003   -1.35
P01303 -18.380 -37.081 3.89e-15 2.53e-15 1.71e-15   0.003   -2.36
P09029 -18.226 -36.654 8.27e-14 4.89e-14 2.11e-14   0.002   -2.27
P06950 -18.103 -40.619 5.24e-14 2.72e-14 1.24e-14   0.003   -0.13
P01554 -18.174 -38.909 2.77e-17 3.15e-17 3.69e-17   0.004   -1.46
P00969 -18.062 -39.411 4.90e-14 2.21e-14 1.21e-14   0.003   -0.49
P09077 -18.106 -35.638 8.20e-16 6.67e-16 3.96e-16   0.002   -2.33
P01959 -18.068 -37.237 2.38e-13 1.48e-13 5.86e-14   0.002   -1.77
P03964 -17.997 -36.628 1.93e-12 9.18e-13 3.68e-13   0.005   -2.17
P08547 -17.913 -38.589 1.25e-16 1.18e-16 1.14e-16   0.005   -1.29
P02117 -17.829 -39.841 1.70e-16 1.55e-16 1.11e-16   0.003   -0.27
P04088 -17.796 -44.998 2.07e-15 1.52e-15 7.56e-16   0.004    0.68
P00017 -17.853 -35.950 9.19e-16 7.73e-16 4.34e-16   0.003   -2.09
P05847 -17.868 -38.646 1.05e-15 8.84e-16 4.02e-16   0.004   -1.36
P00512 -17.704 -38.062 7.97e-16 6.88e-16 4.52e-16   0.005   -1.83
P06587 -17.758 -37.818 5.09e-17 5.65e-17 5.57e-17   0.002   -1.78
P05979 -17.624 -39.425 4.00e-12 3.82e-12 2.28e-12   0.004   -0.05
P09079 -17.554 -33.472 6.24e-14 3.34e-14 1.22e-14   0.001    2.36
P09547 -17.527 -37.911 1.77e-13 7.76e-14 3.94e-14   0.004   -1.81
P08766 -17.541 -36.995 9.43e-14 4.61e-14 2.25e-14   0.003   -1.82
P05197 -17.455 -39.087 3.82e-12 3.44e-12 2.01e-12   0.004   -0.45
P01738 -17.373 -38.442 2.06e-17 2.59e-17 2.79e-17   0.003   -0.97
P03890 -17.289 -36.097 3.95e-12 2.14e-12 1.30e-12   0.004   -1.86
P08743 -17.216 -37.744 2.13e-15 1.55e-15 1.06e-15   0.004   -1.26
P06697 -17.174 -39.559 2.37e-14 1.09e-14 6.21e-15   0.002   -0.01
P06830 -17.081 -34.835 3.20e-12 1.39e-12 5.61e-13   0.004   -2.17
P02499 -17.067 -38.237 2.18e-13 1.07e-13 4.24e-14   0.004   -0.94
P03190 -17.397 -40.003 3.22e-12 3.04e-12 2.45e-12   0.003    0.33
P01447 -16.936 -39.462 5.57e-16 4.41e-16 2.93e-16   0.005   -0.15
P09617 -16.942 -37.339 2.11e-16 2.20e-16 1.72e-16   0.002   -1.27
P05185 -16.907 -32.207 2.67e-17 2.89e-17 3.24e-17   0.006   -2.24
P02911 -16.920 -39.525 6.02e-15 4.03e-15 2.81e-15   0.003    0.27
P09051 -17.003 -35.343 5.98e-17 6.08e-17 5.43e-17   0.003   -1.99
P01957 -16.934 -35.160 5.85e-16 5.02e-16 3.88e-16   0.004   -2.01
P07218 -16.858 -41.805 3.34e-12 2.64e-12 1.10e-12   0.003    0.75
P06656 -16.754 -35.184 1.06e-13 5.06e-14 2.48e-14   0.005   -2.26
P09222 -16.756 -38.897 7.56e-14 4.17e-14 1.65e-14   0.005   -0.09
P06179 -16.784 -38.364 6.56e-16 5.14e-16 3.61e-16   0.004   -0.70
P03838 -16.512 -38.568 2.29e-15 1.79e-15 8.59e-16   0.004   -0.52
P09591 -16.359 -35.106 3.55e-17 4.11e-17 4.46e-17   0.005   -1.78
P07966 -16.466 -42.201 4.22e-16 3.33e-16 2.71e-16   0.002    0.99
P04648 -16.341 -41.276 4.70e-17 5.14e-17 5.16e-17   0.004    0.85
P01036 -16.264 -38.040 2.00e-15 1.35e-15 7.81e-16   0.002   -0.44
P03081 -16.148 -41.069 3.80e-14 1.82e-14 1.02e-14   0.003    0.85
P07324 -16.098 -39.849 5.18e-17 6.12e-17 4.60e-17   0.005    0.54
P00471 -15.828 -40.598 2.92e-14 2.03e-14 7.55e-15   0.004    0.48
P07252 -15.967 -40.315 1.32e-16 1.48e-16 1.01e-16   0.003    0.61
P08911 -15.908 -44.578 3.24e-17 3.49e-17 3.51e-17   0.003    0.93
P02694 -15.729 -30.493 5.67e-14 3.32e-14 1.63e-14   0.004   -2.07
P03706 -15.535 -41.115 4.97e-12 3.90e-12 2.08e-12   0.003    1.01
P01941 -15.389 -37.047 2.31e-15 1.48e-15 9.66e-16   0.004   -0.89
P09050 -15.351 -32.169 3.04e-14 1.85e-14 1.04e-14   0.004   -1.90
P07891 -15.262 -34.425 5.68e-14 2.78e-14 1.19e-14   0.002   -1.53
P10094 -15.143 -38.817 7.25e-17 8.18e-17 8.25e-17   0.006    0.13
