name x y flux0 flux1 flux2 width rv
F11631  41.812  11.448 5.22e-17 4.02e-17 2.77e-17 20.56 -544.50
F11629  41.890  11.392 6.96e-17 5.32e-17 3.00e-17 14.02 -544.62
F11644  42.046  11.620 6.88e-17 4.38e-17 3.47e-17 21.45 -544.53
F11651  42.053  11.503 4.98e-17 6.22e-17 2.71e-17 22.01 -544.50
F11634  42.076  10.790 4.92e-17 5.16e-17 2.45e-17 18.09 -544.71
F11646  42.093  11.444 4.97e-17 3.54e-17 2.25e-17 25.32 -544.88
F11627  42.163  10.452 8.78e-17 5.40e-17 3.45e-17 19.84 -544.50
F11635  42.209  11.550 8.60e-17 5.09e-17 2.63e-17 19.06 -544.70
F11652  42.234  11.526 5.35e-17 3.90e-17 3.05e-17 17.35 -544.62
F11601  42.242  11.511 8.09e-17 5.35e-17 3.15e-17 19.92 -544.63
F11630  42.251  11.600 5.36e-17 4.89e-17 3.19e-17 17.66 -544.64
F11621  42.256  11.635 6.37e-17 4.44e-17 2.42e-17 21.68 -544.53
F11628  42.258  10.727 4.25e-17 3.16e-17 2.30e-17 13.89 -544.64
F11614  42.278  11.695 6.23e-17 4.89e-17 3.02e-17 23.35 -544.51
F11602  42.336  11.411 6.08e-17 3.94e-17 2.49e-17 13.88 -544.74
F11605  42.346  11.453 6.25e-17 5.64e-17 3.22e-17 22.66 -544.70
F11648  42.349  11.353 9.12e-17 7.57e-17 3.54e-17 20.19 -544.59
F11624  42.382  11.377 8.02e-17 5.35e-17 3.75e-17 12.02 -544.69
F11612  42.407  11.201 3.19e-17 2.57e-17 1.45e-17 26.94 -544.77
F11645  42.417  11.331 5.75e-17 3.98e-17 2.26e-17 15.08 -544.58
F11615  42.421  11.311 5.06e-17 4.41e-17 2.77e-17 23.46 -544.67
F11600  42.424  11.271 4.32e-17 3.38e-17 2.34e-17 21.22 -544.50
F11626  42.429  11.432 5.15e-17 3.74e-17 2.03e-17 23.86 -544.71
F11636  42.444  11.363 5.83e-17 4.31e-17 2.75e-17 16.91 -544.73
F11609  42.450  11.357 6.74e-17 4.95e-17 2.52e-17 22.28 -544.52
F11632  42.451  11.374 6.28e-17 3.53e-17 2.50e-17 16.54 -544.73
F11647  42.460  11.358 7.34e-17 4.32e-17 2.96e-17 17.64 -544.48
F11617  42.462  11.496 9.01e-17 4.54e-17 2.90e-17 14.92 -544.65
F11616  42.463  11.288 6.62e-17 5.25e-17 3.51e-17 24.22 -544.60
F11607  42.473  11.350 7.30e-17 5.35e-17 2.91e-17 16.82 -544.56
F11613  42.475  11.373 4.52e-17 2.24e-17 1.81e-17 21.94 -544.67
F11641  42.495  11.548 4.87e-17 3.53e-17 2.07e-17 16.66 -544.52
F11625  42.497  11.399 6.16e-17 5.39e-17 3.68e-17 28.25 -544.58
F11620  42.502  11.318 5.98e-17 5.35e-17 3.51e-17 25.32 -544.62
F11643  42.503  11.203 5.16e-17 3.40e-17 2.08e-17 23.25 -544.67
F11603  42.528  11.401 4.35e-17 2.51e-17 1.57e-17 20.18 -544.55
F11608  42.535  11.249 4.81e-17 3.77e-17 2.03e-17 28.34 -544.62
F11649  42.540  11.483 7.71e-17 5.04e-17 3.07e-17 30.52 -544.55
F11618  42.555  11.406 7.96e-17 4.00e-17 2.74e-17 14.66 -544.64
F11606  42.558  11.482 6.53e-17 4.41e-17 2.62e-17 19.20 -544.72
F11633  42.588  11.322 7.26e-17 6.00e-17 3.84e-17 22.61 -544.60
F11610  42.590  10.965 6.89e-17 5.47e-17 3.62e-17 14.81 -544.59
F11604  42.596  11.313 7.92e-17 5.24e-17 3.48e-17 19.46 -544.61
F11619  42.597  11.379 5.69e-17 3.65e-17 2.52e-17 15.37 -544.61
F11650  42.601  11.472 5.32e-17 4.06e-17 2.83e-17 24.74 -544.55
F11637  42.613  11.445 6.33e-17 5.74e-17 3.12e-17 16.21 -544.70
F11640  42.613  11.300 6.52e-17 4.33e-17 3.36e-17 21.35 -544.70
F11623  42.626  11.333 5.21e-17 3.19e-17 2.25e-17 30.10 -544.54
F11642  42.673  10.649 7.59e-17 6.07e-17 2.89e-17 26.30 -544.45
F11622  42.774  12.336 4.13e-17 2.49e-17 1.80e-17 16.30 -544.53
F11611  42.927  11.693 4.85e-17 4.28e-17 2.09e-17 27.31 -544.64
F11639  43.053  11.195 8.26e-17 5.03e-17 3.52e-17 20.01 -544.57
F11638  43.208  11.344 7.63e-17 4.81e-17 3.15e-17 18.22 -544.52
