name x y flux0 flux1 flux2 width rv
F06575 -30.206  -4.966 4.82e-17 3.21e-17 3.23e-17  7.81 -611.24
F06569 -30.133  -4.997 4.57e-17 3.48e-17 1.91e-17 28.63 -610.99
F04596 -30.112  -0.913 1.28e-16 1.43e-16 6.64e-17 38.30 -328.21
F06567 -30.109  -4.984 4.52e-17 3.08e-17 2.29e-17 19.99 -611.07
F06583 -30.089  -4.968 5.37e-17 3.47e-17 2.02e-17 18.08 -611.12
F06584 -30.080  -4.317 4.42e-17 3.79e-17 2.20e-17 18.76 -611.03
F06562 -30.065  -4.973 5.84e-17 4.50e-17 3.32e-17 11.37 -611.23
F06563 -30.060  -4.915 4.50e-17 3.07e-17 1.94e-17 22.30 -611.16
F06576 -30.057  -5.093 6.09e-17 2.93e-17 2.63e-17 17.71 -611.07
F06578 -30.055  -5.181 3.73e-17 3.23e-17 1.89e-17 20.22 -611.07
F06577 -30.048  -4.950 3.22e-17 1.97e-17 1.47e-17 18.88 -610.99
F06571 -30.036  -5.006 7.30e-17 4.23e-17 3.17e-17 17.54 -611.15
F06573 -30.027  -4.892 7.09e-17 5.13e-17 2.35e-17 22.92 -611.01
F06564 -30.024  -4.677 4.29e-17 3.27e-17 1.95e-17 22.91 -611.23
F06585 -30.019  -4.929 4.01e-17 2.34e-17 1.64e-17 17.14 -611.26
F06565 -30.016  -4.950 4.79e-17 4.14e-17 1.56e-17 21.39 -611.37
F06586 -30.009  -4.956 5.74e-17 2.73e-17 2.25e-17 28.41 -611.28
F06582 -30.008  -4.951 4.87e-17 3.09e-17 2.31e-17 11.38 -611.21
F06570 -30.002  -4.942 5.64e-17 3.08e-17 1.82e-17 12.24 -611.15
F06580 -30.000  -4.918 7.00e-17 5.75e-17 2.79e-17 14.60 -611.11
F06568 -30.000  -4.934 5.15e-17 2.48e-17 1.94e-17 15.09 -611.06
