name x y flux1 flux2 flux3 par rv
P02625 -32.231  -0.029 1.05e-16 7.55e-17 3.79e-17  -0.000    2.78
P01146 -31.452  -0.297 1.24e-17 1.07e-17 7.99e-18   0.001    3.03
P05143 -31.496  -0.570 6.30e-17 3.96e-17 2.17e-17   0.001    3.11
P06618 -31.456  -0.244 2.99e-15 1.46e-15 7.58e-16  -0.000    2.83
P00405 -31.446  -0.894 3.16e-17 2.27e-17 1.46e-17   0.001    2.33
P03619 -31.350  -1.311 2.06e-16 1.31e-16 6.69e-17   0.002    1.27
P04280 -31.294  -0.521 2.96e-16 1.86e-16 9.06e-17   0.001    2.99
P02726 -31.339  -0.156 3.65e-16 2.16e-16 1.08e-16   0.000    2.75
P05272 -31.277  -0.647 1.29e-17 1.03e-17 7.80e-18   0.001    3.00
P00060 -31.201  -0.474 1.61e-15 8.45e-16 4.02e-16   0.002    2.98
P06250 -30.979  -0.761 3.29e-17 2.28e-17 1.44e-17  -0.001    2.63
P01321 -31.045  -0.547 2.24e-15 1.13e-15 5.30e-16   0.001    2.66
P09042 -30.918  -0.798 3.37e-14 5.77e-14 6.20e-14   0.001    2.34
P05015 -31.001  -0.700 1.28e-16 8.41e-17 4.59e-17  -0.001    2.58
P09986 -30.723  -0.785 5.56e-16 3.29e-15 1.13e-14   0.001    2.07
P06497 -30.752  -0.168 8.44e-17 5.65e-17 2.90e-17   0.002    1.70
P05158 -30.732  -0.669 1.40e-15 7.43e-16 3.04e-16   0.001    2.58
P06743 -30.756  -1.064 7.36e-14 7.75e-14 6.47e-14   0.003    2.16
P04045 -30.617  -1.060 4.99e-14 2.72e-14 1.36e-14  -0.001    1.25
P01717 -30.641  -0.804 1.13e-13 8.05e-14 4.23e-14   0.002    1.98
P02671 -30.636  -0.672 7.54e-16 3.77e-16 2.23e-16   0.000    2.56
P09480 -30.660  -0.448 1.62e-15 9.75e-16 4.54e-16   0.002    2.55
P03949 -30.509  -0.596 5.30e-17 3.85e-17 2.31e-17   0.001    2.45
P01408 -30.482  -0.713 1.36e-17 1.23e-17 8.40e-18  -0.000    2.39
P07045 -30.452  -0.349 3.01e-17 2.45e-17 1.32e-17   0.002    1.49
P09870 -30.501  -0.409 4.03e-17 3.01e-17 2.04e-17  -0.001    2.01
P01551 -30.464  -0.613 3.89e-16 2.83e-16 1.29e-16  -0.000    2.15
P04783 -30.280  -0.253 1.55e-16 1.06e-16 4.91e-17   0.000    1.35
P00220 -30.388  -0.683 4.87e-17 3.17e-17 1.69e-17   0.002    1.41
P01496 -30.476  -0.671 5.45e-14 2.40e-14 1.32e-14  -0.001    1.65
P00326 -30.368  -1.005 2.66e-17 1.73e-17 1.27e-17   0.000    0.70
P00900 -30.336  -0.674 5.19e-17 3.32e-17 2.17e-17   0.001    1.86
P08241 -30.390  -0.523 3.65e-16 2.23e-16 1.06e-16   0.000    1.73
P06454 -30.299  -0.736 6.11e-14 3.07e-14 1.46e-14   0.003    1.19
P00286 -30.345  -0.692 1.28e-17 1.04e-17 6.86e-18  -0.001    1.55
P04683 -30.229  -0.630 3.98e-14 1.77e-14 7.93e-15   0.000    1.65
P00381 -30.179  -1.032 5.34e-16 3.24e-16 1.51e-16  -0.000    0.54
P08224 -30.306  -0.741 1.01e-13 6.75e-14 4.22e-14  -0.000    1.72
P02119 -30.297  -0.650 4.01e-17 2.63e-17 1.74e-17   0.001    1.77
P06788 -30.264  -0.933 1.26e-16 7.92e-17 4.46e-17   0.001    1.23
P06979 -30.289  -0.517 1.41e-17 1.18e-17 7.65e-18   0.002    1.43
P08961 -30.156  -0.056 1.27e-16 9.65e-17 5.01e-17   0.003    0.29
P03033 -30.252  -0.696 3.48e-16 1.96e-16 1.00e-16  -0.000    1.65
P00878 -30.083  -0.658 3.90e-14 2.26e-14 7.95e-15   0.000    1.21
P05504 -30.039  -0.246 4.27e-17 3.09e-17 2.06e-17   0.001    0.41
P04171 -30.139  -1.213 4.19e-15 2.23e-15 9.34e-16   0.002    0.24
P02065 -30.296  -0.303 9.00e-14 5.38e-14 3.05e-14  -0.000    1.02
P07972 -30.218  -0.727 4.66e-15 2.43e-15 1.05e-15   0.000    1.36
P03448 -30.168  -0.605 3.59e-15 1.71e-15 8.20e-16   0.001    1.32
P03861 -30.164  -0.433 3.32e-16 1.90e-16 1.01e-16  -0.001    1.14
P07162 -30.024  -0.692 7.41e-16 3.62e-16 1.88e-16   0.001    1.19
P08941 -30.114  -0.793 3.72e-16 2.19e-16 1.15e-16   0.002    0.64
P07779 -30.050  -0.721 8.43e-14 8.58e-14 5.73e-14  -0.001    0.81
P05071 -30.013  -0.641 1.02e-15 5.14e-16 2.78e-16   0.002    0.26
P08050 -30.107  -0.508 4.54e-15 2.11e-15 9.22e-16   0.001    0.20
P01260 -30.001  -0.646 8.22e-14 5.05e-14 2.79e-14  -0.000    0.24
P06388 -30.013  -0.723 1.05e-17 9.61e-18 6.08e-18  -0.001    0.15
P02857 -30.003  -0.659 2.07e-17 1.84e-17 1.16e-17   0.002    0.11
P10392 -30.033  -0.675 9.73e-16 5.64e-16 2.79e-16   0.000   -0.08
P00163 -30.028  -0.429 4.94e-17 3.27e-17 2.03e-17   0.002   -0.12
P01500 -30.076  -0.275 6.07e-16 3.45e-16 1.75e-16   0.001   -0.16
