name x y flux1 flux2 flux3 par rv
P02153 -44.411 -44.809 2.16e-14 1.38e-14 9.87e-15   0.012    0.13
P03067 -44.032 -44.420 9.10e-14 6.03e-14 3.56e-14   0.016    0.17
P07161 -43.956 -36.573 6.54e-16 4.78e-16 2.84e-16   0.001   -2.43
P02838 -43.889 -39.736 5.98e-16 3.77e-16 2.04e-16   0.000   -3.57
P05871 -43.683 -38.356 4.45e-15 2.55e-15 1.26e-15  -0.000   -3.98
P05264 -43.633 -34.311 6.25e-15 4.64e-15 2.26e-15   0.005   -3.27
P00809 -43.610 -38.230 2.02e-16 1.42e-16 9.30e-17   0.002   -3.87
P04876 -43.544 -44.636 1.29e-17 2.71e-17 3.17e-17   0.007   -3.09
P08099 -43.645 -40.298 1.73e-15 2.22e-15 2.03e-15   0.021    0.86
P02730 -43.188 -42.367 1.97e-12 1.25e-12 4.71e-13   0.022    0.81
P06193 -43.019 -37.739 1.93e-16 1.34e-16 8.11e-17   0.001   -3.80
P05557 -41.312 -41.137 1.23e-15 2.00e-15 1.70e-15   0.025    0.33
P08195 -39.873 -37.153 2.11e-16 3.42e-16 5.21e-16   0.027    0.30
P05110 -39.757 -40.860 2.92e-17 2.85e-17 2.46e-17   0.022    0.59
P01654 -39.754 -43.387 1.60e-15 2.17e-15 1.82e-15   0.019    0.44
P00549 -39.005 -43.518 3.43e-13 2.05e-13 1.22e-13   0.021    0.32
P08152 -38.261 -44.714 1.17e-10 6.45e-11 4.34e-11   0.022    0.05
P01661 -38.085 -44.416 1.92e-15 2.35e-15 2.34e-15   0.025   -0.02
P02652 -36.283 -44.397 7.69e-17 1.64e-16 2.21e-16   0.019   -0.55
P02875 -36.320 -40.171 8.04e-11 3.76e-11 2.03e-11   0.023   -0.14
P01847 -35.288 -44.447 1.17e-15 1.32e-15 1.32e-15   0.021   -0.52
P06643 -34.264 -43.274 4.95e-14 3.37e-14 1.89e-14   0.020   -0.36
P09207 -33.901 -44.339 2.76e-14 2.38e-14 1.48e-14   0.027   -0.35
P09976 -33.674 -41.440 1.95e-14 1.42e-14 7.34e-15   0.008    1.36
P05413 -32.777 -40.508 6.55e-15 5.95e-15 4.63e-15   0.021   -0.73
P05741 -32.433 -42.937 9.63e-17 1.23e-16 1.06e-16   0.006    1.32
P02626 -31.813 -41.049 6.61e-17 1.28e-16 1.99e-16   0.021   -0.84
P09994 -31.053 -44.304 3.98e-15 5.09e-15 4.11e-15   0.023   -0.89
P07600 -31.022 -39.400 1.47e-16 2.34e-16 2.59e-16   0.016   -0.31
P08504 -30.831 -41.526 5.54e-16 8.68e-16 9.34e-16   0.018   -0.53
P07864 -31.000 -42.463 3.55e-16 3.28e-16 3.38e-16   0.009   -2.65
P04640 -30.110 -44.736 3.29e-12 1.43e-12 6.58e-13   0.019   -0.93
