name x y flux1 flux2 flux3 par rv
P01657  30.082  16.185 2.88e-13 1.70e-13 7.39e-14   0.001    0.62
P03505  30.249  18.130 2.00e-13 1.01e-13 4.72e-14  -0.000   -0.95
P00620  30.222  18.710 2.59e-15 1.45e-15 7.96e-16  -0.001   -1.25
P02149  30.419  19.104 1.95e-17 1.81e-17 1.62e-17   0.001   -1.28
P03566  30.751  16.309 3.70e-15 2.19e-15 1.08e-15  -0.000    0.30
P05862  30.832  16.122 3.70e-17 3.03e-17 2.31e-17   0.001    0.34
P01528  30.851  20.399 3.57e-13 2.13e-13 9.62e-14   0.002   -1.20
P01921  31.039  18.651 1.24e-15 7.88e-16 4.14e-16   0.000   -1.46
P08231  31.140  19.253 7.43e-17 6.07e-17 4.20e-17   0.002   -1.58
P03925  31.105  17.735 2.23e-17 2.50e-17 1.41e-17   0.001   -0.38
P02014  31.387  17.080 2.26e-16 1.74e-16 1.05e-16   0.002   -0.33
P02212  31.984  16.280 1.87e-15 1.08e-15 4.94e-16   0.002    0.01
P02791  32.100  22.356 2.24e-14 1.13e-14 4.77e-15  -0.000   -1.31
P00585  36.126  19.938 7.62e-17 6.41e-17 3.85e-17   0.002   -1.67
