name x y flux1 flux2 flux3 par rv
P01866 -25.521  32.822 4.11e-14 2.06e-14 9.00e-15   0.002    1.13
P04291 -21.883  36.764 5.22e-13 2.78e-13 1.19e-13   0.002    1.41
P00280 -21.274  35.792 1.78e-15 1.08e-15 6.17e-16   0.000    1.46
P07770 -21.047  33.278 3.70e-15 2.33e-15 1.16e-15   0.003    1.15
P00915 -20.618  35.454 2.63e-14 1.32e-14 6.16e-15   0.001    1.42
P02084 -20.631  38.812 8.47e-13 4.80e-13 2.36e-13   0.003    0.95
P03991 -20.361  34.689 4.64e-16 3.48e-16 2.07e-16   0.001    1.40
P00820 -20.298  37.284 1.43e-14 7.76e-15 3.67e-15   0.002    1.12
P04033 -20.060  35.661 6.22e-15 3.61e-15 1.78e-15   0.002    1.36
P01778 -19.793  34.667 1.24e-12 9.49e-13 5.88e-13   0.001    1.38
P03791 -19.882  35.884 1.64e-17 1.87e-17 1.63e-17   0.001    1.28
P10390 -19.827  35.989 1.07e-17 1.34e-17 1.26e-17   0.002    1.35
P07692 -19.689  34.502 1.35e-16 1.15e-16 8.30e-17   0.003    1.25
P05007 -19.511  34.714 6.47e-13 3.47e-13 1.67e-13   0.001    1.33
P10124 -19.542  32.991 7.89e-17 7.07e-17 5.20e-17   0.001    0.91
P04248 -19.438  35.402 6.98e-17 6.70e-17 5.01e-17   0.003    1.30
P01286 -19.450  38.142 3.70e-16 2.81e-16 1.81e-16   0.002    0.85
P07097 -19.343  36.265 2.18e-15 1.40e-15 7.15e-16   0.002    1.14
P02639 -19.320  44.413 1.08e-17 1.29e-17 1.12e-17   0.000    1.70
P05010 -19.341  39.387 1.39e-16 1.19e-16 8.73e-17   0.002    0.73
P08986 -19.127  34.038 1.42e-17 1.66e-17 1.55e-17   0.001    1.18
P06888 -19.237  33.810 2.47e-14 1.26e-14 5.82e-15   0.002    0.98
P08121 -19.137  34.054 2.78e-17 3.04e-17 2.54e-17  -0.001    1.10
P09105 -19.063  34.146 1.19e-14 6.68e-15 3.14e-15   0.002    1.09
P09381 -18.994  32.980 1.33e-16 1.15e-16 7.99e-17   0.001    0.69
P02220 -19.009  35.698 8.28e-17 7.81e-17 6.00e-17   0.002    1.06
P06961 -18.935  34.589 5.27e-14 2.70e-14 1.12e-14   0.003    1.25
P03106 -18.767  35.376 8.36e-16 5.72e-16 3.43e-16   0.003    1.09
P06433 -18.836  34.353 1.47e-16 1.32e-16 8.63e-17   0.004    1.14
P07705 -18.990  33.335 1.41e-14 7.45e-15 3.50e-15  -0.002    0.83
P02442 -18.869  33.734 1.44e-14 8.17e-15 3.75e-15   0.001    0.93
P08448 -18.830  34.127 7.41e-15 4.10e-15 1.92e-15   0.001    1.09
P09233 -18.794  33.931 1.38e-17 1.66e-17 1.48e-17   0.002    0.93
P01783 -18.916  35.770 2.39e-15 1.51e-15 7.90e-16   0.000    0.97
P01504 -18.885  32.566 6.04e-13 7.94e-13 7.45e-13   0.002    0.51
P03289 -18.783  32.383 6.19e-17 5.73e-17 4.30e-17   0.002    0.39
P02888 -18.740  34.718 6.38e-13 3.22e-13 1.48e-13   0.000    1.12
P05815 -18.672  32.314 7.77e-17 7.09e-17 5.25e-17   0.002    0.34
P07010 -18.567  31.942 1.74e-14 9.33e-15 4.22e-15   0.002    0.21
P02017 -18.467  34.325 1.47e-15 9.83e-16 5.55e-16   0.001    0.99
P00489 -18.482  35.121 5.94e-15 3.44e-15 1.70e-15   0.004    0.91
P08089 -18.402  35.040 1.23e-17 1.46e-17 1.36e-17   0.003    0.96
P06790 -18.313  36.170 8.61e-13 4.47e-13 2.23e-13   0.002    0.70
P08051 -18.406  33.371 7.89e-16 5.33e-16 3.26e-16   0.001    0.53
P06649 -18.296  33.029 9.11e-17 8.37e-17 6.13e-17   0.002    0.31
P06994 -18.245  34.073 2.33e-17 2.68e-17 2.22e-17   0.002    0.90
P01416 -18.172  34.012 6.87e-15 3.75e-15 1.90e-15   0.002    0.80
P06397 -18.248  32.892 8.11e-15 4.43e-15 2.26e-15   0.001    0.26
P02512 -18.322  34.535 2.47e-14 1.27e-14 5.94e-15   0.003    0.96
P06953 -18.312  34.041 2.78e-15 1.76e-15 9.00e-16   0.004    0.85
P06528 -18.221  34.126 5.42e-13 7.38e-13 7.71e-13   0.002    0.85
P10329 -18.141  35.229 5.20e-15 3.00e-15 1.53e-15   0.003    0.67
P09707 -18.105  34.137 1.31e-15 8.59e-16 4.84e-16   0.001    0.86
P07731 -18.080  33.805 1.68e-15 1.05e-15 5.84e-16   0.002    0.54
P06142 -18.056  33.953 7.95e-14 2.30e-13 4.29e-13   0.001    0.69
P03024 -18.035  33.693 1.55e-15 9.46e-16 5.53e-16   0.001    0.53
P07622 -17.894  34.333 6.07e-17 5.91e-17 4.40e-17   0.002    0.72
P08613 -18.060  34.267 5.23e-16 3.84e-16 2.35e-16   0.001    0.73
P08703 -17.909  34.128 5.74e-15 3.21e-15 1.64e-15   0.004    0.67
P01630 -17.871  33.807 8.45e-17 7.46e-17 5.71e-17   0.002    0.44
P06927 -17.868  35.025 1.10e-15 7.41e-16 4.15e-16   0.003    0.47
P02137 -17.774  34.677 2.58e-14 1.37e-14 6.28e-15   0.003    0.47
P02889 -17.873  34.169 1.07e-15 7.34e-16 4.21e-16   0.000    0.43
P03284 -17.762  34.287 7.85e-15 4.26e-15 2.15e-15   0.001    0.46
P08825 -17.723  34.245 8.18e-15 4.66e-15 2.24e-15   0.002    0.40
P08081 -17.639  33.948 3.74e-16 2.80e-16 1.75e-16   0.002    0.30
P07673 -17.725  34.204 2.16e-14 1.14e-14 5.37e-15   0.004    0.34
P00096 -17.803  32.050 3.42e-17 3.71e-17 3.00e-17   0.002   -0.19
P01931 -17.748  33.951 8.09e-15 4.57e-15 2.33e-15   0.003    0.11
P06995 -17.766  34.186 9.88e-13 5.82e-13 3.05e-13   0.004    0.35
P08995 -17.623  33.995 4.33e-15 2.55e-15 1.33e-15   0.003    0.00
P10084 -17.470  34.110 6.77e-13 3.71e-13 1.64e-13   0.003    0.22
P06353 -17.640  34.054 2.41e-15 1.41e-15 7.71e-16   0.001    0.09
P04438 -17.574  34.132 1.22e-12 8.12e-13 4.80e-13   0.001    0.15
P06881 -17.545  33.710 9.26e-13 5.48e-13 2.84e-13   0.002   -0.06
P08629 -17.561  34.129 1.22e-16 1.07e-16 7.74e-17   0.001   -0.08
P03326 -17.548  34.022 8.06e-17 7.20e-17 5.45e-17   0.000   -0.07
P04847 -17.573  34.265 3.84e-14 1.97e-14 8.52e-15   0.001    0.01
P05553 -17.551  34.149 1.97e-14 1.02e-14 4.78e-15   0.003   -0.11
P06264 -17.443  34.179 6.38e-14 3.05e-14 1.39e-14   0.002    0.04
P05915 -17.345  34.290 1.23e-12 1.03e-12 6.77e-13   0.002   -0.11
P07761 -17.529  34.047 2.12e-13 4.37e-13 6.22e-13   0.002   -0.22
P09921 -17.572  34.047 2.36e-15 1.42e-15 7.25e-16   0.003   -0.17
P09584 -17.446  33.971 6.56e-16 4.82e-16 2.82e-16   0.000   -0.35
P08834 -17.606  34.182 3.46e-17 3.61e-17 2.91e-17   0.000   -0.13
P08102 -17.502  33.454 4.40e-16 3.49e-16 2.12e-16   0.003   -0.30
P05758 -17.373  34.173 5.36e-17 5.30e-17 4.11e-17   0.002   -0.25
P00552 -17.513  34.194 1.52e-14 8.42e-15 3.87e-15   0.002   -0.31
P00656 -17.210  43.259 5.31e-16 3.68e-16 2.12e-16   0.003    1.77
P07686 -17.485  34.272 3.54e-17 3.70e-17 3.05e-17   0.001   -0.20
P09375 -17.376  33.380 7.97e-16 5.69e-16 3.31e-16   0.002   -0.32
P00532 -17.294  31.246 1.35e-17 1.66e-17 1.46e-17   0.001   -0.29
P10245 -17.430  32.213 4.80e-14 2.54e-14 1.16e-14   0.001   -0.29
P10066 -17.423  34.028 4.01e-15 2.37e-15 1.20e-15   0.001   -0.44
P03674 -17.352  34.383 9.26e-17 8.78e-17 6.37e-17   0.001   -0.25
P07044 -17.231  33.446 1.72e-14 9.11e-15 4.14e-15   0.001   -0.40
P05986 -17.304  33.537 3.80e-14 1.84e-14 8.51e-15   0.002   -0.48
P09097 -17.330  35.203 7.58e-16 5.24e-16 2.99e-16   0.001    0.08
P05513 -17.296  33.541 8.58e-16 6.09e-16 3.53e-16   0.002   -0.42
P02179 -17.303  33.883 5.43e-13 2.61e-13 1.33e-13   0.004   -0.52
P03540 -17.341  34.521 2.84e-14 1.44e-14 6.58e-15   0.002   -0.16
P00230 -17.301  34.312 4.54e-17 4.56e-17 3.46e-17   0.000   -0.48
P09622 -17.121  38.459 2.96e-14 1.46e-14 6.64e-15   0.001    0.32
P08591 -17.064  34.084 1.68e-17 1.86e-17 1.68e-17   0.003   -0.61
P10092 -17.133  33.844 2.89e-14 1.55e-14 6.92e-15   0.002   -0.70
P04312 -17.080  37.239 1.03e-17 1.31e-17 1.19e-17   0.003    0.14
P07994 -17.101  32.703 1.16e-14 6.03e-15 2.85e-15   0.002   -0.45
P10303 -17.095  32.884 1.92e-14 1.01e-14 4.65e-15   0.003   -0.58
P04667 -17.238  34.009 1.89e-17 9.07e-18 4.01e-18   0.001   -0.75
P08372 -17.008  36.043 7.27e-17 6.84e-17 5.30e-17   0.002    0.00
P09597 -16.980  35.416 1.18e-14 6.43e-15 3.02e-15   0.002   -0.16
P01205 -16.745  34.535 1.02e-14 5.37e-15 2.77e-15   0.001   -0.43
P02272 -16.945  33.335 3.29e-16 2.50e-16 1.58e-16   0.002   -0.75
P00296 -16.779  33.398 2.53e-15 1.55e-15 8.46e-16   0.001   -0.89
P03719 -16.848  32.097 1.11e-14 6.04e-15 2.72e-15   0.002   -0.56
P03181 -16.794  36.639 9.54e-17 8.60e-17 6.14e-17   0.001    0.10
P04459 -16.788  33.418 1.81e-17 2.07e-17 1.81e-17   0.001   -0.89
P01690 -16.770  34.784 7.62e-13 9.11e-13 8.16e-13  -0.001   -0.40
P04068 -16.675  33.771 9.43e-15 5.37e-15 2.54e-15  -0.000   -0.89
P06833 -16.679  34.708 4.56e-14 2.28e-14 9.98e-15   0.002   -0.54
P09934 -16.771  30.628 2.83e-15 1.77e-15 9.76e-16   0.002   -0.49
P01121 -16.767  34.308 1.38e-17 1.65e-17 1.42e-17   0.000   -0.76
P08522 -16.679  32.527 2.59e-14 1.27e-14 5.80e-15   0.001   -0.75
P01946 -16.556  33.823 1.62e-14 8.55e-15 4.09e-15   0.003   -0.99
P04950 -16.670  33.538 2.60e-14 1.35e-14 6.09e-15   0.003   -0.99
P00684 -16.381  33.521 2.81e-16 2.21e-16 1.42e-16   0.001   -1.01
P05812 -16.319  34.179 6.32e-17 6.08e-17 4.73e-17   0.002   -0.97
P05345 -16.164  32.809 9.29e-15 5.15e-15 2.49e-15   0.001   -0.96
P07111 -16.049  33.011 1.16e-14 6.46e-15 3.05e-15   0.003   -1.09
P02576 -16.003  34.322 8.97e-13 5.39e-13 2.61e-13   0.002   -1.00
P01170 -15.969  33.728 2.73e-17 3.00e-17 2.51e-17   0.002   -1.13
P07863 -15.755  33.006 6.82e-14 3.40e-14 1.48e-14   0.002   -1.22
P09275 -15.814  32.662 1.07e-12 6.55e-13 3.43e-13   0.002   -1.15
P03225 -15.694  32.854 3.00e-16 2.29e-16 1.53e-16   0.001   -1.11
P04509 -15.411  36.726 2.40e-15 1.50e-15 8.11e-16   0.002   -0.36
P06466 -15.533  34.380 1.42e-16 1.19e-16 8.68e-17   0.002   -1.06
P00501 -15.376  35.417 1.50e-17 1.76e-17 1.58e-17   0.001   -0.68
P07739 -15.253  32.508 7.65e-13 9.10e-13 8.04e-13   0.002   -1.23
P04292 -15.034  37.293 4.96e-13 3.05e-13 1.59e-13   0.003    2.68
P06127 -15.083  32.784 7.22e-17 6.90e-17 5.16e-17   0.003   -1.31
P09803 -15.016  33.745 2.71e-14 1.34e-14 6.15e-15   0.003   -1.19
