name x y flux0 flux1 flux2 width rv
F05163 -44.463  32.397 1.54e-16 1.13e-16 7.07e-17 16.61 -296.27
F05127 -44.188  33.586 2.37e-16 1.73e-16 1.08e-16 31.75 -296.46
F05166 -44.062  33.255 2.21e-16 1.48e-16 1.02e-16 24.39 -296.34
F05123 -43.920  32.910 2.35e-16 1.71e-16 1.10e-16 25.98 -296.45
F05150 -43.844  33.495 2.15e-16 1.59e-16 1.03e-16 56.53 -296.48
F05144 -43.763  32.466 1.64e-16 1.11e-16 7.04e-17 45.67 -296.20
F05165 -43.761  34.975 1.77e-16 1.26e-16 8.24e-17 30.09 -296.46
F05156 -43.730  33.284 2.77e-16 1.91e-16 1.28e-16 40.97 -296.27
F05173 -43.670  33.218 2.44e-16 1.67e-16 1.12e-16 48.66 -296.31
F05139 -43.643  33.935 1.85e-16 1.24e-16 8.34e-17 52.76 -296.26
F05147 -43.620  32.413 1.53e-16 1.14e-16 7.25e-17 38.42 -296.37
F05160 -43.598  33.264 2.66e-16 1.94e-16 1.29e-16 24.58 -296.55
F05152 -43.594  32.808 1.99e-16 1.52e-16 9.12e-17 41.62 -296.67
F05130 -43.575  33.181 2.10e-16 1.47e-16 9.41e-17 26.73 -296.36
F05133 -43.555  33.198 1.91e-16 1.33e-16 8.60e-17 46.60 -296.44
F05162 -43.548  33.405 2.82e-16 2.00e-16 1.30e-16 20.52 -296.45
F05167 -43.540  33.604 2.53e-16 1.76e-16 1.18e-16 29.11 -296.16
F05159 -43.513  33.173 2.73e-16 1.94e-16 1.23e-16 33.22 -296.34
F05126 -43.513  33.334 2.04e-16 1.42e-16 8.92e-17 37.55 -296.50
F05168 -43.505  33.285 1.54e-16 1.09e-16 7.53e-17 37.24 -296.36
F05122 -43.489  32.931 2.01e-16 1.39e-16 8.58e-17 42.39 -296.36
F05138 -43.419  33.007 2.07e-16 1.39e-16 9.14e-17 18.27 -296.45
F05169 -43.405  33.221 2.14e-16 1.71e-16 1.11e-16 28.56 -296.39
F05172 -43.392  32.995 2.57e-16 1.81e-16 1.15e-16 37.28 -296.41
F05132 -43.382  33.273 2.64e-16 1.86e-16 1.24e-16 32.92 -296.50
F05131 -43.363  33.117 2.60e-16 1.85e-16 1.16e-16 33.61 -296.42
F05171 -43.360  33.043 2.52e-16 1.80e-16 1.21e-16 56.34 -296.52
F05121 -43.359  32.899 2.24e-16 1.68e-16 1.08e-16 27.27 -296.41
F05137 -43.322  33.026 2.27e-16 1.51e-16 1.01e-16 46.57 -296.29
F05161 -43.319  33.027 1.48e-16 1.09e-16 6.81e-17 40.11 -296.42
F05128 -43.315  33.027 2.01e-16 1.33e-16 9.15e-17 36.27 -296.62
F05125 -43.315  33.022 2.32e-16 1.57e-16 1.10e-16 30.49 -296.40
F05129 -43.315  33.039 2.47e-16 1.78e-16 1.20e-16 31.29 -296.61
F05136 -43.313  32.993 2.36e-16 1.73e-16 1.13e-16 54.24 -296.15
F05157 -43.312  33.090 2.53e-16 1.75e-16 1.10e-16 52.41 -296.39
F05170 -43.302  33.068 1.81e-16 1.26e-16 7.99e-17 45.80 -296.47
F05164 -43.283  32.827 2.07e-16 1.57e-16 9.90e-17 49.56 -296.58
F05134 -43.280  33.031 2.15e-16 1.44e-16 9.37e-17 44.94 -296.48
F05141 -43.269  33.030 2.44e-16 1.73e-16 1.10e-16 26.05 -296.27
F05149 -43.265  32.595 1.79e-16 1.24e-16 8.35e-17 41.57 -296.34
F05146 -43.265  32.958 1.81e-16 1.29e-16 8.28e-17 25.48 -296.36
F05140 -43.265  32.949 1.81e-16 1.32e-16 8.41e-17 35.50 -296.34
F05135 -43.206  32.655 1.17e-16 8.03e-17 5.35e-17 38.47 -296.45
F05158 -43.199  32.898 2.04e-16 1.38e-16 8.87e-17 45.59 -296.33
F05151 -43.188  33.053 1.96e-16 1.38e-16 9.11e-17 41.05 -296.38
F05143 -43.099  32.830 2.12e-16 1.45e-16 1.02e-16 27.74 -296.44
F05153 -43.095  33.245 2.85e-16 1.90e-16 1.18e-16 51.88 -296.28
F05145 -43.072  33.560 1.70e-16 1.25e-16 8.00e-17 38.82 -296.28
F05155 -43.055  33.255 2.28e-16 1.57e-16 1.05e-16 35.82 -296.28
F05154 -42.942  32.537 1.53e-16 1.09e-16 7.08e-17 42.64 -296.29
F05142 -42.815  32.250 3.08e-16 2.02e-16 1.35e-16 35.31 -296.25
F05124 -42.466  33.625 2.35e-16 1.75e-16 1.04e-16 31.26 -296.20
F01662 -32.423  30.486 1.81e-16 1.31e-16 8.27e-17 29.20 -347.74
