name x y flux0 flux1 flux2 width rv
F06436 -22.074  16.170 1.08e-16 8.43e-17 6.11e-17 27.22 -424.68
F06437 -21.850  16.496 1.05e-16 6.77e-17 5.35e-17 25.20 -424.69
F06443 -21.672  16.255 1.02e-16 7.42e-17 4.65e-17 22.90 -424.56
F06429 -21.648  16.514 1.22e-16 6.55e-17 5.27e-17 40.05 -424.54
F06453 -21.629  15.374 1.04e-16 7.10e-17 5.35e-17 30.16 -424.61
F06430 -21.598  16.289 1.03e-16 8.02e-17 4.81e-17 21.85 -424.80
F06438 -21.577  16.098 1.20e-16 8.14e-17 5.09e-17 38.04 -424.59
F06434 -21.573  16.284 1.16e-16 6.41e-17 5.12e-17 23.25 -424.52
F06447 -21.561  16.348 1.11e-16 8.00e-17 5.51e-17 28.02 -424.60
F06435 -21.546  16.272 9.63e-17 6.83e-17 5.07e-17 36.59 -424.66
F06428 -21.545  16.359 9.60e-17 9.28e-17 3.94e-17 33.71 -424.42
F06450 -21.541  16.230 1.21e-16 1.01e-16 5.62e-17 29.17 -424.75
F06433 -21.490  16.311 1.04e-16 7.56e-17 4.58e-17 18.87 -424.57
F06441 -21.489  16.119 9.09e-17 5.97e-17 3.98e-17 27.98 -424.72
F06423 -21.471  15.878 1.01e-16 6.77e-17 5.55e-17 31.90 -424.51
F06456 -21.471  16.304 1.36e-16 8.49e-17 6.56e-17 19.42 -424.57
F06420 -21.461  16.327 9.40e-17 6.04e-17 4.31e-17 25.59 -424.63
F06439 -21.459  16.331 1.09e-16 7.16e-17 4.71e-17 23.22 -424.59
F06454 -21.456  16.311 1.15e-16 8.96e-17 5.09e-17 18.98 -424.28
F06446 -21.456  16.239 1.36e-16 1.05e-16 6.35e-17 27.37 -424.56
F06449 -21.455  16.411 9.37e-17 7.00e-17 4.35e-17 14.33 -424.57
F06452 -21.455  16.350 9.45e-17 6.19e-17 4.51e-17 21.20 -424.64
F06418 -21.454  16.475 1.23e-16 8.11e-17 6.53e-17 23.66 -424.78
F06451 -21.451  16.452 1.22e-16 8.55e-17 5.56e-17 25.11 -424.61
F06445 -21.444  16.236 8.22e-17 6.42e-17 4.26e-17 24.39 -424.42
F06416 -21.416  16.158 1.29e-16 1.01e-16 5.85e-17 29.22 -424.55
F06442 -21.415  16.470 1.11e-16 6.97e-17 4.53e-17 39.69 -424.69
F06458 -21.398  16.301 1.25e-16 7.60e-17 5.30e-17 28.55 -424.49
F06448 -21.382  16.358 1.06e-16 7.28e-17 4.95e-17 27.98 -424.56
F06457 -21.381  16.374 1.04e-16 6.93e-17 4.21e-17 40.81 -424.85
F06424 -21.375  16.343 1.22e-16 7.54e-17 4.35e-17 26.85 -424.69
F06427 -21.372  16.361 9.93e-17 7.34e-17 4.75e-17 34.59 -424.68
F06440 -21.349  16.492 1.01e-16 6.10e-17 3.78e-17 17.92 -424.70
F06426 -21.214  16.187 9.53e-17 6.88e-17 4.14e-17 35.04 -424.73
F06444 -21.179  16.342 9.54e-17 6.97e-17 3.97e-17 25.44 -424.56
F06432 -21.164  16.320 1.14e-16 8.73e-17 5.64e-17 31.21 -424.60
F06455 -21.129  15.995 1.01e-16 7.62e-17 4.74e-17 27.68 -424.55
F06422 -21.053  16.356 1.23e-16 7.16e-17 4.43e-17 15.21 -424.61
F06419 -20.992  16.404 8.64e-17 5.90e-17 3.97e-17 20.61 -424.52
F06425 -20.941  16.422 1.11e-16 8.19e-17 5.20e-17 16.55 -424.66
F06417 -20.861  16.463 1.04e-16 6.27e-17 4.72e-17 29.79 -424.44
F06431 -20.287  15.901 1.04e-16 7.78e-17 5.92e-17 25.09 -424.37
F06421 -20.261  15.303 9.34e-17 7.69e-17 4.18e-17 28.76 -424.57
