name x y flux1 flux2 flux3 par rv
P07348 -23.080  27.750 9.65e-15 5.25e-15 2.75e-15   0.002    1.28
P02195 -20.713  27.822 1.26e-12 7.86e-13 4.13e-13   0.001    0.94
P04404 -20.316  27.757 2.69e-14 1.47e-14 6.62e-15   0.001    0.92
P05212 -19.829  27.398 5.01e-17 4.79e-17 4.09e-17   0.004    0.74
P05029 -19.407  28.737 2.79e-14 1.52e-14 6.96e-15   0.001    0.98
P03999 -19.376  29.807 2.92e-15 1.82e-15 1.08e-15   0.003    0.84
P07033 -19.174  29.681 1.53e-14 9.31e-15 4.10e-15   0.002    0.74
P05330 -19.214  28.084 4.32e-14 2.31e-14 9.85e-15   0.003    0.68
P07303 -19.168  28.823 3.91e-17 4.29e-17 3.72e-17   0.003    0.85
P05025 -19.100  29.143 3.94e-16 2.95e-16 1.97e-16   0.002    0.89
P10429 -18.761  29.685 6.99e-17 7.38e-17 5.49e-17   0.005    0.34
P02617 -18.605  29.585 1.06e-16 1.03e-16 6.90e-17  -0.001    0.48
P02400 -18.625  28.328 1.29e-16 1.13e-16 8.37e-17   0.003    0.53
P08272 -18.652  28.485 2.15e-16 1.68e-16 1.27e-16   0.000    0.58
P05088 -18.444  29.037 1.74e-15 1.11e-15 6.66e-16   0.000    0.65
P07701 -18.389  27.684 1.55e-12 1.18e-12 7.62e-13   0.001    0.20
P07229 -18.405  28.390 2.21e-15 1.43e-15 8.08e-16   0.000    0.49
P09315 -18.249  29.330 7.01e-15 3.98e-15 1.91e-15   0.002    0.37
P05383 -18.174  29.288 2.58e-16 2.15e-16 1.42e-16   0.001    0.35
P05416 -18.197  29.196 1.26e-17 1.47e-17 1.49e-17   0.001    0.38
P10349 -18.129  28.793 2.54e-14 1.49e-14 6.49e-15   0.003    0.29
P09666 -18.222  27.513 1.80e-17 1.97e-17 1.72e-17   0.000   -0.14
P08992 -18.144  28.410 4.87e-16 3.60e-16 2.21e-16   0.002    0.12
P06222 -18.124  28.913 5.64e-17 5.48e-17 4.31e-17   0.005    0.33
P06698 -17.959  26.881 3.16e-16 2.52e-16 1.61e-16   0.000   -0.40
P06156 -17.990  29.030 1.57e-12 1.09e-12 6.13e-13   0.003    0.04
P05655 -17.841  28.645 6.32e-14 2.87e-14 1.29e-14   0.004   -0.09
P04226 -17.797  27.208 3.55e-16 2.66e-16 1.57e-16   0.001   -0.37
P09006 -17.912  29.237 1.11e-12 1.25e-12 1.08e-12   0.002   -0.05
P00882 -17.801  28.519 1.09e-16 1.01e-16 7.78e-17   0.002    0.07
P09404 -17.796  28.729 7.72e-15 4.37e-15 2.26e-15   0.003   -0.04
P07035 -17.759  29.717 2.48e-14 1.28e-14 6.01e-15   0.004   -0.43
P00437 -17.803  29.150 6.82e-14 3.31e-14 1.48e-14   0.001   -0.13
P03715 -17.733  29.674 5.32e-13 2.61e-13 1.23e-13   0.002   -0.46
P04182 -17.632  28.938 1.53e-16 1.20e-16 9.11e-17   0.003   -0.24
P01605 -17.644  29.905 2.11e-14 1.26e-14 5.74e-15   0.002   -0.57
P02188 -17.664  27.952 5.34e-14 2.33e-14 1.12e-14   0.002   -0.53
P08109 -17.536  27.861 1.93e-17 2.32e-17 2.25e-17   0.003   -0.55
P04543 -17.571  28.612 8.34e-14 4.57e-14 1.84e-14   0.002   -0.51
P02176 -17.508  28.718 2.03e-15 1.34e-15 7.70e-16   0.001   -0.35
P06980 -17.650  29.816 3.17e-15 2.14e-15 9.92e-16   0.003   -0.70
P05618 -17.599  29.092 8.36e-17 7.82e-17 5.44e-17   0.003   -0.61
P08453 -17.454  28.779 1.51e-16 1.21e-16 8.78e-17   0.002   -0.52
P00262 -17.579  28.635 2.11e-14 1.07e-14 5.20e-15   0.002   -0.72
P09874 -17.510  28.934 1.11e-15 8.43e-16 5.07e-16   0.003   -0.90
P07717 -17.654  29.049 1.85e-13 4.00e-13 6.84e-13   0.000   -0.87
P05886 -17.474  28.623 5.46e-14 2.77e-14 1.16e-14   0.001   -0.81
P09578 -17.545  28.685 1.13e-17 1.51e-17 1.51e-17   0.002   -0.92
P00715 -17.510  28.694 1.77e-17 9.31e-18 4.17e-18   0.002   -0.99
P00057 -17.304  27.118 1.93e-17 2.15e-17 1.96e-17   0.001   -0.70
P03373 -17.389  28.229 9.95e-16 7.10e-16 4.16e-16   0.003   -0.91
P06103 -17.529  28.400 1.51e-16 1.31e-16 9.08e-17   0.004   -0.95
P06315 -17.283  28.672 1.47e-12 9.33e-13 5.53e-13   0.001   -1.05
P07870 -17.302  27.178 6.12e-13 3.29e-13 1.51e-13   0.003   -0.85
P09058 -17.260  29.128 1.79e-17 8.30e-18 3.95e-18   0.002   -1.27
P08487 -17.290  28.889 1.53e-15 9.97e-16 5.85e-16  -0.000   -1.37
P08630 -17.219  26.632 3.78e-16 2.97e-16 1.93e-16   0.001   -0.84
P10079 -17.239  29.045 6.11e-17 5.50e-17 4.86e-17   0.003   -1.52
P07015 -17.233  29.395 1.19e-14 6.82e-15 3.31e-15   0.001   -1.39
P02309 -17.038  29.830 3.95e-16 3.05e-16 1.92e-16   0.002   -1.19
P03735 -17.213  28.660 2.50e-15 1.52e-15 8.03e-16   0.001   -1.57
P03249 -17.164  29.187 5.91e-16 4.50e-16 2.82e-16   0.001   -1.50
P04157 -17.173  28.815 1.52e-12 1.35e-12 8.60e-13   0.004   -1.62
P03554 -17.058  27.602 1.49e-16 1.43e-16 9.55e-17   0.002   -1.06
P08948 -17.021  29.129 8.76e-13 1.01e-12 1.05e-12   0.003   -1.69
P04273 -17.089  28.978 1.35e-15 1.05e-15 5.49e-16   0.002   -1.66
P01123 -16.984  29.978 4.46e-16 3.62e-16 2.29e-16   0.003   -1.30
P09938 -17.157  25.224 1.76e-14 9.42e-15 4.43e-15   0.002   -0.85
P04970 -17.068  28.506 5.00e-15 2.89e-15 1.35e-15   0.003   -1.47
P07914 -17.031  29.282 1.81e-16 1.40e-16 1.05e-16   0.003   -1.55
P03079 -17.004  28.409 2.20e-15 1.38e-15 7.89e-16   0.003   -1.58
P02409 -16.823  29.771 2.36e-15 1.63e-15 8.38e-16   0.004   -1.43
P07122 -16.836  28.876 5.07e-14 2.67e-14 1.07e-14   0.002   -1.79
P00945 -16.873  28.955 9.34e-14 4.11e-14 1.83e-14   0.002   -1.91
P04066 -16.715  28.788 4.51e-16 3.35e-16 2.08e-16   0.003   -1.92
P02651 -16.649  28.263 1.99e-17 1.04e-17 4.08e-18   0.002   -1.89
P07634 -16.659  29.887 2.64e-14 1.30e-14 6.28e-15   0.001   -1.66
P08997 -16.714  29.243 1.80e-16 1.64e-16 1.16e-16   0.002   -1.90
P04380 -16.593  28.054 7.71e-17 8.27e-17 5.79e-17   0.002   -1.76
P09104 -16.596  28.679 2.12e-15 1.40e-15 7.41e-16   0.003   -2.01
P04729 -16.506  29.034 8.94e-16 5.82e-16 3.94e-16   0.002   -1.97
P03203 -16.528  26.417 1.06e-17 1.32e-17 1.28e-17   0.002   -1.35
P05984 -16.611  28.972 2.67e-14 1.48e-14 7.40e-15   0.000   -1.95
P05763 -16.331  24.009 1.05e-16 9.07e-17 6.96e-17   0.002   -1.01
P07937 -16.129  26.916 8.56e-15 4.43e-15 2.23e-15   0.003   -1.61
P08501 -16.074  24.629 1.63e-14 9.26e-15 4.18e-15   0.000   -1.22
P10322 -15.971  28.948 5.40e-13 8.63e-13 9.89e-13   0.001   -2.21
P02522 -15.765  29.538 8.17e-15 5.17e-15 2.44e-15   0.003   -2.24
P09854 -15.447  26.431 2.33e-14 1.23e-14 5.96e-15   0.002   -1.96
P00232 -15.531  29.633 1.73e-16 1.40e-16 1.06e-16   0.003   -2.25
P08069 -15.495  27.019 8.31e-17 8.20e-17 6.21e-17   0.001   -2.05
P09254 -15.542  28.094 4.52e-14 2.28e-14 1.06e-14   0.002   -2.34
P03811 -15.433  28.157 2.48e-14 1.30e-14 5.82e-15   0.003   -2.39
P07023 -15.147  25.659 1.05e-17 1.36e-17 1.28e-17   0.002   -1.77
P09876 -15.050  25.625 1.81e-16 1.72e-16 1.10e-16   0.001   -1.76
P07189 -15.067  29.044 7.26e-13 3.47e-13 1.70e-13   0.002   -2.48
