name x y flux1 flux2 flux3 par rv
P10341   6.957 -38.496 4.96e-16 3.37e-16 1.62e-16   0.000   -0.46
P05465   9.516 -34.937 8.43e-16 5.13e-16 2.40e-16   0.001    1.29
P09026   9.935 -33.006 3.56e-17 3.04e-17 1.79e-17   0.000    2.44
P09526  10.278 -35.090 1.62e-14 3.52e-14 5.82e-14   0.002    1.52
P02083  10.511 -37.254 1.41e-15 8.56e-16 3.45e-16   0.002   -0.50
P07046  10.449 -37.144 5.53e-14 3.02e-14 1.19e-14  -0.001   -0.59
P00887  10.522 -36.399 1.67e-16 1.03e-16 5.55e-17   0.000    0.23
P01652  10.596 -35.341 5.57e-16 3.21e-16 1.93e-16  -0.001    1.59
P04376  10.597 -35.488 6.99e-17 6.45e-17 3.74e-17   0.001    1.35
P05877  10.855 -34.630 4.25e-17 3.54e-17 1.83e-17   0.001    2.24
P10195  10.846 -39.654 1.47e-17 1.57e-17 8.98e-18  -0.000   -1.43
P10119  10.724 -39.312 5.84e-17 3.68e-17 2.39e-17   0.001   -1.40
P09626  10.902 -35.826 6.03e-17 4.44e-17 2.68e-17  -0.001    0.89
P04214  11.100 -34.672 2.97e-16 1.65e-16 9.34e-17   0.001    2.29
P06753  11.138 -36.407 1.21e-16 6.35e-17 3.92e-17  -0.001    0.12
P07995  11.311 -33.181 1.82e-15 9.72e-16 5.59e-16   0.000    2.78
P04322  11.446 -35.027 3.60e-15 1.62e-15 7.46e-16   0.002    2.26
P08985  11.406 -34.459 1.22e-17 8.56e-18 6.92e-18   0.002    2.57
P02787  11.533 -36.217 5.37e-14 2.63e-14 1.30e-14  -0.000   -0.00
P03902  11.593 -35.882 4.54e-16 2.83e-16 1.29e-16  -0.000    1.25
P02440  11.529 -36.490 1.44e-17 1.12e-17 7.39e-18   0.003   -0.45
P09990  11.466 -33.990 5.47e-17 3.98e-17 2.39e-17   0.001    2.67
P07462  11.472 -35.629 9.96e-14 9.06e-14 8.01e-14   0.001    1.78
P04342  11.660 -36.148 5.17e-17 3.55e-17 2.43e-17   0.002    0.54
P02909  11.648 -35.792 1.95e-15 1.03e-15 5.87e-16   0.001    1.54
P05391  11.583 -35.929 1.06e-16 7.05e-17 4.39e-17   0.001    1.09
P05426  11.561 -35.777 1.03e-13 9.29e-14 7.61e-14   0.000    1.20
P04942  11.710 -35.934 1.14e-17 1.03e-17 8.17e-18  -0.003    1.43
P01277  11.636 -36.247 3.47e-17 2.91e-17 2.18e-17   0.002    0.36
P09902  11.832 -35.833 5.63e-14 2.88e-14 1.52e-14   0.000    1.60
P08499  11.828 -36.140 8.86e-14 5.77e-14 2.48e-14   0.001    0.98
P05942  11.809 -36.340 2.35e-16 1.44e-16 7.36e-17  -0.000   -0.52
P02247  11.729 -35.753 1.04e-16 7.06e-17 3.78e-17   0.002    1.83
P01023  11.779 -36.199 6.32e-15 2.70e-15 1.26e-15  -0.000    0.05
P08206  11.727 -36.083 3.49e-15 1.95e-15 8.03e-16  -0.001    0.94
P05765  11.913 -36.348 2.01e-16 1.24e-16 6.29e-17   0.001   -0.25
P04148  11.794 -35.877 3.89e-17 3.25e-17 1.96e-17   0.001    1.08
P05600  11.875 -36.093 1.47e-15 8.80e-16 3.40e-16   0.000    0.40
P05407  11.935 -35.589 4.53e-16 2.84e-16 1.54e-16   0.002    1.98
P05843  11.747 -34.940 5.26e-16 3.20e-16 1.34e-16   0.002    2.54
P09695  11.962 -35.979 4.57e-16 2.22e-16 1.19e-16   0.003    1.50
P08023  11.773 -35.740 2.54e-16 1.53e-16 7.44e-17  -0.001    1.67
P09338  12.003 -35.945 4.74e-17 3.19e-17 1.99e-17   0.001    1.26
P07938  12.021 -36.650 7.69e-16 4.31e-16 2.48e-16   0.000   -0.85
P08343  11.936 -36.061 2.32e-15 1.19e-15 4.98e-16   0.002    0.39
P00720  11.888 -36.133 3.32e-16 2.21e-16 1.08e-16  -0.000    0.22
P02041  11.829 -36.130 2.70e-16 1.82e-16 9.55e-17   0.000    0.06
P06933  11.803 -35.863 5.05e-17 3.26e-17 2.40e-17  -0.001    1.28
P04567  11.904 -35.689 1.03e-17 8.11e-18 6.17e-18  -0.001    1.90
P00870  12.026 -35.970 4.94e-15 2.23e-15 1.08e-15   0.000    1.43
P00248  11.993 -35.681 5.47e-16 3.89e-16 1.91e-16   0.002    1.80
P03711  12.016 -35.854 1.76e-17 1.25e-17 1.00e-17   0.000    1.12
P04467  12.009 -35.333 5.97e-16 2.95e-16 1.40e-16   0.002    2.19
P08331  11.887 -35.995 1.31e-17 1.23e-17 8.58e-18   0.001    0.92
P02796  12.012 -36.085 5.18e-16 2.66e-16 1.58e-16   0.001    0.19
P06637  12.083 -36.270 1.79e-16 1.16e-16 5.27e-17   0.000   -0.39
P02501  11.901 -36.111 2.21e-15 9.99e-16 5.66e-16   0.001    0.01
P07893  12.064 -35.827 7.02e-16 3.48e-16 2.19e-16   0.000    1.63
P02036  11.894 -35.737 3.38e-16 1.92e-16 9.13e-17   0.001    1.90
P00567  11.880 -36.195 4.55e-16 3.32e-16 1.50e-16   0.002   -0.19
P03404  12.037 -36.158 7.02e-17 4.63e-17 2.42e-17   0.000   -0.35
P09218  12.049 -36.086 3.17e-17 2.17e-17 1.45e-17   0.000    0.14
P08123  12.052 -37.053 1.19e-16 7.44e-17 4.46e-17   0.000   -1.12
P08622  12.049 -36.080 1.80e-15 7.74e-16 3.94e-16   0.001    1.00
P09537  12.008 -35.957 1.05e-17 9.63e-18 7.18e-18   0.001    0.76
P01639  11.989 -36.055 1.27e-17 1.21e-17 8.37e-18   0.001    0.51
P08002  12.146 -36.186 1.99e-16 1.21e-16 6.74e-17   0.001   -0.10
P01529  12.039 -36.515 1.38e-13 1.02e-13 6.30e-14   0.002   -0.71
P04452  12.144 -35.917 2.05e-15 1.19e-15 5.31e-16   0.001    1.15
P01296  12.180 -36.187 1.53e-15 6.91e-16 3.61e-16  -0.002   -0.11
P06396  12.143 -33.820 3.18e-17 2.74e-17 1.82e-17   0.001    2.80
P08160  12.198 -36.338 1.01e-17 1.04e-17 7.27e-18   0.000   -0.40
P00190  12.172 -35.949 5.67e-15 3.49e-15 1.46e-15   0.001    0.80
P06301  12.157 -35.845 3.27e-17 2.33e-17 1.44e-17   0.001    1.62
P01986  12.156 -36.381 1.59e-16 1.28e-16 6.60e-17   0.000   -0.10
P07694  12.283 -36.389 6.31e-17 4.89e-17 2.19e-17   0.002   -0.10
P02642  12.239 -35.949 8.03e-16 4.53e-16 2.26e-16   0.002    1.17
P06352  12.258 -36.183 1.38e-13 7.67e-14 4.31e-14   0.000    0.05
P04955  12.319 -36.498 1.88e-16 1.23e-16 6.82e-17   0.001   -0.62
P01331  12.444 -36.278 7.54e-17 4.67e-17 3.02e-17   0.000   -0.24
P02947  12.369 -35.142 8.47e-17 5.76e-17 3.67e-17   0.001    2.31
P00661  12.414 -36.387 1.06e-13 6.56e-14 3.57e-14   0.001   -0.28
P03516  12.588 -36.867 6.00e-16 3.34e-16 1.94e-16   0.001   -0.80
P08444  12.530 -36.099 2.89e-16 1.87e-16 9.57e-17   0.002    0.50
P00724  12.456 -38.803 8.83e-16 5.67e-16 2.64e-16  -0.001   -1.50
P08406  12.613 -36.199 1.21e-13 9.20e-14 4.99e-14   0.002    0.45
P09486  12.571 -35.524 3.85e-15 1.96e-15 9.40e-16   0.001    1.56
P03557  12.814 -36.119 1.58e-15 8.19e-16 4.31e-16   0.001    0.64
P03084  12.775 -35.073 8.50e-17 5.61e-17 3.08e-17   0.001    1.94
P02354  13.004 -35.994 4.51e-16 2.43e-16 1.27e-16  -0.000    1.09
P04285  13.088 -34.012 8.05e-16 4.81e-16 2.19e-16   0.001    2.35
P06757  13.244 -34.862 5.75e-16 3.87e-16 1.76e-16  -0.000    2.02
P03497  13.193 -34.549 1.56e-17 1.20e-17 8.28e-18   0.003    2.18
P10161  13.411 -40.370 3.95e-16 2.80e-16 1.25e-16   0.001   -1.55
P07522  13.707 -36.780 1.09e-16 8.09e-17 3.91e-17   0.002   -0.11
P05342  13.856 -32.802 1.01e-16 1.61e-16 1.47e-16   0.008    0.44
P07789  13.929 -36.355 1.40e-16 1.04e-16 5.54e-17   0.001    0.42
P02351  14.199 -36.591 7.52e-14 4.35e-14 2.05e-14   0.002    0.13
P08762  14.588 -35.836 3.76e-16 2.12e-16 1.09e-16   0.002    0.91
