name x y flux1 flux2 flux3 par rv
P09301 -37.237 -26.746 6.14e-13 3.65e-13 1.52e-13   0.001   -4.51
P10460 -33.684 -24.951 5.66e-17 5.30e-17 4.47e-17   0.002   -4.22
P00752 -33.712 -24.198 9.50e-15 7.76e-15 3.83e-15   0.002    1.65
P06349 -32.891 -24.594 6.26e-16 4.84e-16 2.57e-16   0.003   -3.71
P10216 -32.768 -25.111 1.45e-13 5.86e-13 1.54e-12   0.004    2.01
P07443 -32.718 -18.914 4.14e-15 3.04e-15 1.90e-15   0.003    0.93
P08179 -32.517 -24.572 2.48e-17 3.07e-17 2.52e-17   0.002   -3.52
P03926 -31.229 -21.357 6.22e-12 3.22e-12 1.86e-12   0.007    2.29
P05672 -31.358 -23.203 2.69e-13 1.25e-13 6.27e-14   0.005    2.19
P04649 -30.951 -23.733 1.20e-15 6.74e-16 4.14e-16   0.002   -3.89
P07092 -30.179 -23.223 4.45e-14 2.31e-14 1.12e-14   0.002   -3.73
P10402 -30.042 -23.739 9.03e-16 6.87e-16 3.55e-16   0.002   -2.57
P05612 -30.119 -23.331 3.76e-14 1.92e-14 9.44e-15   0.002   -3.56
P07265 -30.195 -23.097 5.04e-13 2.48e-13 9.85e-14   0.003   -3.66
