name x y flux1 flux2 flux3 par rv
P01437 -29.531  44.812 8.48e-16 4.95e-16 2.25e-16   0.018   -0.53
P04938 -28.969  43.545 1.14e-13 6.06e-14 2.98e-14   0.007    1.12
P02665 -27.637  44.651 1.45e-12 7.44e-13 3.13e-13   0.012   -0.04
P02037 -27.505  41.899 3.42e-14 2.47e-14 1.55e-14   0.014   -0.25
P02707 -24.763  44.342 1.20e-13 7.99e-14 4.48e-14   0.020   -0.87
P05055 -23.260  30.220 1.56e-11 7.84e-12 3.52e-12   0.010   -1.44
P08556 -19.978  44.907 5.15e-17 1.12e-16 1.49e-16   0.021   -1.00
P08229 -19.098  40.733 5.09e-13 2.63e-13 1.11e-13   0.006    0.81
P04119 -16.078  44.683 1.35e-12 7.23e-13 3.14e-13   0.012   -0.05
P01128 -16.072  44.363 1.45e-16 7.46e-17 3.28e-17   0.021   -0.99
P08223 -15.244  43.727 9.45e-14 5.38e-14 2.60e-14   0.006    0.79
