name x y flux1 flux2 flux3 par rv
P09450  -6.039 -28.306 6.39e-14 3.35e-14 1.61e-14   0.005    1.38
P09592  -4.848 -17.473 8.86e-17 5.94e-17 4.49e-17   0.001    2.45
P06525  -4.245 -17.937 4.72e-15 2.21e-15 1.23e-15   0.001    2.36
P03907  -2.348 -16.545 4.66e-17 3.77e-17 2.87e-17   0.002    2.54
P10225  -1.495 -27.995 2.84e-16 3.31e-16 2.33e-16   0.005    1.23
P05567  -1.470 -16.806 2.56e-16 1.79e-16 1.05e-16  -0.001    2.45
P04466  -0.388 -17.360 6.58e-15 3.10e-15 1.75e-15   0.000    2.21
P10058  -0.348 -16.705 1.51e-14 8.36e-15 2.95e-15   0.003    2.43
P01978  -0.099 -17.045 3.46e-15 1.74e-15 8.69e-16   0.002    2.11
