name x y flux0 flux1 flux2 width rv
F04157 -40.031  25.980 1.23e-15 9.36e-16 5.89e-16 94.34 -123.03
F04141 -39.813  24.582 1.44e-15 1.05e-15 7.56e-16 96.69 -122.98
F04151 -39.775  26.423 1.25e-15 9.97e-16 6.31e-16 80.09 -123.09
F04143 -39.727  28.038 1.18e-15 8.51e-16 5.15e-16 48.16 -123.18
F04186 -39.677  27.596 1.22e-15 8.85e-16 5.76e-16 133.13 -123.12
F04154 -39.496  26.919 1.28e-15 9.90e-16 6.03e-16 68.47 -123.16
F04142 -39.423  27.354 1.04e-15 7.49e-16 5.13e-16 72.71 -123.10
F04174 -39.374  27.665 1.15e-15 8.19e-16 5.26e-16 85.19 -123.25
F04152 -39.359  26.704 8.90e-16 6.07e-16 3.84e-16 129.97 -123.08
F04183 -39.329  27.393 1.20e-15 8.18e-16 5.09e-16 83.38 -123.01
F04138 -39.321  25.079 1.17e-15 7.39e-16 4.89e-16 67.63 -123.03
F04184 -39.285  29.609 1.31e-15 1.14e-15 7.48e-16 61.79 -122.96
F04169 -39.212  28.475 8.53e-16 7.26e-16 4.17e-16 100.42 -122.99
F04147 -39.167  25.583 9.80e-16 5.34e-16 3.77e-16 91.61 -122.93
F04177 -39.119  26.273 1.08e-15 8.42e-16 4.72e-16 68.40 -123.11
F04161 -39.107  26.331 1.03e-15 6.47e-16 5.19e-16 79.70 -122.97
F04145 -39.091  26.640 1.17e-15 8.39e-16 5.11e-16 52.96 -123.16
F04148 -39.082  26.815 1.12e-15 8.47e-16 5.59e-16 74.10 -123.15
F04149 -39.065  27.598 1.37e-15 8.19e-16 5.07e-16 82.63 -123.23
F04159 -39.049  27.226 1.20e-15 7.90e-16 5.57e-16 130.45 -123.24
F04146 -39.007  26.941 1.32e-15 1.04e-15 5.93e-16 103.33 -123.11
F04144 -39.006  26.825 1.45e-15 9.66e-16 6.46e-16 65.89 -122.95
F04168 -38.983  26.906 1.06e-15 8.46e-16 5.32e-16 93.22 -123.04
F04139 -38.965  27.419 1.45e-15 9.92e-16 6.62e-16 100.47 -122.95
F04165 -38.961  27.535 8.41e-16 6.44e-16 3.29e-16 99.89 -123.01
F04153 -38.956  26.711 1.32e-15 8.21e-16 4.95e-16 56.95 -122.91
F04166 -38.920  27.615 1.56e-15 9.78e-16 7.27e-16 85.57 -123.21
F04160 -38.904  27.928 1.29e-15 9.31e-16 5.86e-16 83.99 -122.97
F04164 -38.852  26.839 1.03e-15 6.86e-16 4.51e-16 88.38 -123.12
F04187 -38.849  27.212 1.46e-15 9.66e-16 5.68e-16 95.97 -122.92
F04178 -38.831  28.301 1.27e-15 9.78e-16 6.07e-16 123.71 -123.13
F04162 -38.823  26.840 1.19e-15 7.69e-16 4.79e-16 95.82 -123.03
F04173 -38.801  27.898 1.04e-15 7.84e-16 5.38e-16 80.69 -123.07
F04175 -38.788  27.236 1.21e-15 8.73e-16 5.95e-16 102.76 -123.25
F04170 -38.755  26.750 1.94e-15 1.02e-15 6.61e-16 91.24 -123.04
F04167 -38.685  26.233 1.16e-15 8.41e-16 5.63e-16 76.57 -123.18
F04156 -38.614  26.491 1.27e-15 9.83e-16 6.74e-16 101.98 -123.16
F04181 -38.543  25.698 1.12e-15 8.35e-16 4.86e-16 76.92 -122.90
F04150 -38.461  27.219 9.80e-16 6.85e-16 4.11e-16 71.99 -123.11
F04171 -38.399  26.982 1.36e-15 9.00e-16 6.66e-16 86.26 -123.10
F04176 -38.375  26.746 1.50e-15 1.14e-15 6.71e-16 71.74 -122.97
F04179 -38.352  25.399 1.30e-15 7.74e-16 5.30e-16 132.86 -122.98
F04158 -38.131  24.883 1.30e-15 8.38e-16 5.45e-16 52.34 -122.87
F04185 -38.094  27.193 1.33e-15 8.86e-16 5.96e-16 75.42 -123.19
F04180 -38.084  27.710 1.28e-15 9.04e-16 6.64e-16 72.83 -123.24
F04140 -37.887  27.047 1.24e-15 1.14e-15 6.88e-16 125.30 -123.13
F04172 -37.799  24.793 1.21e-15 9.51e-16 5.64e-16 56.73 -122.99
F04182 -37.306  27.205 1.05e-15 7.50e-16 5.19e-16 90.48 -123.02
F04155 -37.280  26.220 1.25e-15 8.24e-16 4.79e-16 85.86 -123.07
F04163 -35.708  23.508 1.67e-15 1.09e-15 6.60e-16 132.60 -122.79
