name x y flux1 flux2 flux3 par rv
P00311   1.964 -32.397 1.03e-14 4.71e-15 2.83e-15   0.004    0.87
P04197   2.114 -31.694 1.40e-12 3.39e-12 4.10e-12   0.007    0.94
P09739   2.655 -32.362 4.52e-16 4.04e-16 2.80e-16   0.005    0.80
P01509   2.794 -36.556 4.91e-13 2.84e-13 1.15e-13   0.006   -0.09
P03118   3.772 -36.408 1.29e-15 1.15e-15 6.78e-16   0.003   -0.16
P01140   3.956 -33.075 1.88e-13 9.93e-14 4.88e-14   0.006    0.08
P04212   4.097 -32.157 3.80e-14 2.42e-14 1.11e-14   0.006    0.65
P02316   4.110 -33.754 7.08e-16 5.26e-16 3.92e-16   0.005   -0.12
P00966   4.957 -31.280 2.28e-16 2.39e-16 2.08e-16   0.003    0.37
P00114   5.508 -32.416 2.15e-17 3.06e-17 3.51e-17   0.005   -0.11
P06408   5.938 -30.294 2.73e-17 4.78e-17 4.23e-17   0.004   -0.37
P02467   6.050 -34.989 1.78e-16 2.15e-16 1.68e-16   0.006   -0.66
P04709   6.356 -31.728 5.07e-15 2.69e-15 1.62e-15   0.003   -0.39
P05300   6.551 -31.503 3.86e-15 2.29e-15 1.35e-15   0.002   -0.25
P00799   6.618 -31.137 1.79e-15 1.46e-15 8.36e-16   0.005   -0.48
P04978   6.792 -32.563 1.06e-17 1.62e-17 2.54e-17   0.003   -0.78
P05457   7.011 -31.636 4.17e-16 3.72e-16 2.58e-16   0.004   -0.89
P01656   7.026 -31.682 1.75e-13 8.67e-14 4.15e-14   0.004   -0.76
P07319   6.977 -32.374 7.11e-16 5.88e-16 4.01e-16   0.006   -0.88
P08371   7.066 -31.675 4.89e-12 2.58e-12 1.33e-12   0.004   -0.98
P02878   7.213 -30.442 6.59e-16 5.94e-16 4.66e-16   0.004   -0.79
P00899   7.082 -31.803 1.23e-15 9.23e-16 6.55e-16   0.005   -1.20
P02786   7.300 -31.333 7.61e-16 7.03e-16 4.96e-16   0.006   -1.15
P08519   7.244 -38.607 1.62e-13 7.27e-14 2.67e-14   0.004    1.56
P06081   7.225 -31.965 1.91e-14 1.08e-14 5.90e-15   0.006   -1.06
P03110   7.160 -34.044 2.11e-14 1.14e-14 6.71e-15   0.005   -0.99
P01995   7.499 -31.482 7.58e-14 4.14e-14 1.61e-14   0.008   -1.22
P03906   7.494 -30.169 3.28e-17 4.44e-17 4.88e-17   0.004   -1.21
P05876   7.721 -31.390 1.61e-14 9.60e-15 5.93e-15   0.006   -1.53
P08013   7.942 -30.836 7.01e-16 7.17e-16 4.54e-16   0.003   -1.67
P02364   7.908 -31.497 2.84e-15 1.85e-15 1.30e-15   0.004   -1.83
P08748   8.441 -31.710 1.78e-16 9.20e-17 4.07e-17   0.005   -2.03
P06607   8.476 -31.148 2.91e-14 1.49e-14 6.73e-15   0.004   -1.82
P00460   8.614 -30.851 1.56e-13 6.77e-14 3.35e-14   0.003   -2.14
P01346   8.838 -32.414 1.93e-15 2.01e-15 9.88e-16   0.003   -1.92
P02810   8.939 -30.680 2.56e-14 1.52e-14 7.74e-15   0.006   -2.14
P03783   9.161 -33.817 3.61e-14 1.85e-14 1.06e-14   0.004   -1.78
P04696   9.083 -32.499 7.53e-12 5.01e-12 2.85e-12   0.005   -2.09
P08301   9.223 -33.091 2.16e-13 1.06e-13 5.39e-14   0.004   -2.15
P06107   9.953 -30.840 1.16e-15 9.14e-16 5.61e-16   0.004   -2.37
P05897  10.121 -33.031 2.60e-14 1.37e-14 7.10e-15   0.004   -2.44
P09749  10.694 -35.729 4.66e-14 2.43e-14 1.33e-14   0.005   -1.92
P00223  10.924 -32.297 1.12e-17 1.75e-17 2.25e-17   0.004   -2.73
P07107  10.876 -33.931 8.96e-15 4.59e-15 2.90e-15   0.004   -2.39
P05628  11.170 -34.456 5.60e-15 3.43e-15 1.76e-15   0.006   -2.36
P07341  11.604 -33.588 1.45e-15 1.24e-15 8.31e-16   0.006   -2.57
P01726  12.049 -31.494 1.54e-17 2.20e-17 2.65e-17   0.003   -2.77
P02366  12.228 -36.073 1.90e-15 1.58e-15 9.61e-16   0.005   -2.22
P09525  12.622 -35.197 1.54e-13 7.90e-14 3.49e-14   0.004   -2.45
P01598  13.508 -30.148 1.03e-15 8.71e-16 5.84e-16   0.004   -2.81
P00161  13.807 -44.040 3.50e-12 2.38e-12 1.64e-12   0.003    1.33
P04282  14.027 -33.279 1.84e-16 2.02e-16 1.81e-16   0.006   -3.16
P10174  14.123 -42.273 5.03e-15 3.27e-15 1.93e-15   0.003    1.16
P10135  14.376 -30.971 2.58e-15 2.10e-15 1.51e-15   0.005   -2.87
P02095  14.810 -42.714 1.47e-16 1.53e-16 1.30e-16   0.004    1.03
