name x y flux0 flux1 flux2 width rv
F04087  12.347 -32.093 2.98e-17 1.86e-17 1.14e-17 16.56 -699.56
F04090  12.385 -31.969 4.42e-17 2.06e-17 1.51e-17 21.19 -699.57
F04086  12.403 -32.069 4.68e-17 2.45e-17 2.03e-17 13.60 -699.90
F04091  12.431 -31.891 4.82e-17 2.90e-17 2.10e-17 19.27 -699.55
F04088  12.433 -31.951 4.32e-17 3.73e-17 2.60e-17 23.14 -699.74
F04083  12.442 -31.892 4.01e-17 2.55e-17 1.99e-17 21.74 -699.75
F04085  12.456 -31.861 3.34e-17 2.71e-17 1.19e-17 14.30 -699.79
F04094  12.463 -31.943 4.66e-17 1.98e-17 1.55e-17 13.93 -699.61
F04092  12.481 -31.945 3.44e-17 2.02e-17 1.51e-17 16.05 -699.65
F04093  12.487 -31.954 3.19e-17 1.63e-17 1.32e-17 19.27 -699.70
F04089  12.618 -31.973 3.34e-17 2.98e-17 1.62e-17 21.21 -699.60
F04084  12.644 -31.868 4.43e-17 2.16e-17 1.82e-17 16.06 -699.65
