name x y flux1 flux2 flux3 par rv
P01997   0.466 -38.178 1.08e-13 4.56e-14 2.29e-14   0.006    0.25
P02930   1.479 -39.844 2.39e-15 3.46e-15 2.45e-15   0.025   -0.92
P04251   2.306 -43.052 2.06e-16 9.88e-17 4.95e-17   0.009    0.36
P07018   3.834 -42.354 4.66e-12 7.24e-12 5.98e-12   0.007    0.06
P02624   4.190 -44.645 2.51e-17 3.58e-17 3.90e-17   0.006   -0.01
P02601   4.310 -41.730 7.44e-14 3.82e-14 1.59e-14   0.008    0.91
P07240   5.431 -39.878 2.80e-16 3.72e-16 2.43e-16   0.006    0.17
P02336   6.784 -32.997 2.13e-14 1.42e-14 7.56e-15   0.005    0.77
P09030   7.622 -33.580 3.09e-13 1.57e-13 6.68e-14   0.004    0.86
P06787  11.331 -35.245 1.63e-15 1.96e-15 1.75e-15   0.023   -0.69
