name x y flux0 flux1 flux2 width rv
F10217  15.269  14.554 3.14e-16 2.12e-16 1.34e-16 34.76 -268.32
F10231  15.471  12.634 2.34e-16 1.66e-16 1.23e-16 51.74 -268.21
F00710  17.101   9.851 1.67e-17 1.48e-17 6.73e-18 11.51 -959.37
F00711  17.328  10.108 2.05e-17 1.53e-17 8.49e-18 15.63 -959.38
F06963  21.287   8.533 3.37e-16 1.96e-16 1.53e-16 66.54 -243.58
F06950  21.289  10.616 4.74e-16 2.85e-16 2.02e-16 59.43 -243.65
F06949  21.564   7.867 3.27e-16 2.48e-16 1.53e-16 39.95 -243.48
F06973  21.658   9.740 3.34e-16 2.19e-16 1.09e-16 37.58 -243.74
F06972  21.700   9.994 3.58e-16 2.56e-16 1.93e-16 57.72 -243.44
F06970  21.804   9.267 2.72e-16 1.68e-16 1.15e-16 51.57 -243.64
F06957  21.865  10.099 3.28e-16 2.35e-16 1.50e-16 33.71 -243.62
F06947  21.911   8.435 3.17e-16 2.22e-16 1.32e-16 51.60 -243.67
F06929  21.944   8.986 4.48e-16 3.13e-16 2.84e-16 60.12 -243.73
F06964  21.995   9.587 2.96e-16 1.81e-16 1.27e-16 70.90 -243.74
F06968  22.035   9.046 2.20e-16 1.53e-16 1.12e-16 41.94 -243.75
F06936  22.067   9.328 2.46e-16 2.50e-16 1.40e-16 36.13 -243.84
F06937  22.084   9.908 3.25e-16 2.02e-16 1.67e-16 38.95 -243.94
F06940  22.163   9.559 2.88e-16 2.19e-16 1.17e-16 52.41 -243.70
F06966  22.176   9.259 2.73e-16 2.13e-16 1.58e-16 44.34 -243.65
F06952  22.191   9.113 2.20e-16 2.37e-16 1.52e-16 31.60 -243.63
F06971  22.214   9.373 4.36e-16 2.30e-16 1.75e-16 40.75 -243.70
F06941  22.239   9.185 3.92e-16 3.13e-16 1.72e-16 43.54 -243.59
F06955  22.239   9.171 3.63e-16 2.80e-16 1.79e-16 23.30 -243.61
F06930  22.244   9.402 3.70e-16 2.26e-16 1.43e-16 64.13 -243.77
F06956  22.254   9.427 2.72e-16 2.01e-16 1.13e-16 52.01 -243.60
F06928  22.280   8.145 2.37e-16 1.77e-16 1.14e-16 51.18 -243.62
F06969  22.291   9.020 2.83e-16 2.01e-16 1.31e-16 32.74 -243.69
F06935  22.316   8.960 3.46e-16 2.73e-16 1.47e-16 29.64 -243.62
F06951  22.334   9.421 2.27e-16 1.98e-16 1.15e-16 41.72 -243.74
F06939  22.341   9.401 2.51e-16 2.07e-16 1.24e-16 48.68 -243.60
F06974  22.349   9.472 4.10e-16 1.75e-16 1.41e-16 61.62 -243.66
F06962  22.357   9.425 3.09e-16 2.46e-16 1.34e-16 34.29 -243.53
F06938  22.375   9.432 2.60e-16 1.93e-16 1.64e-16 29.34 -243.60
F06960  22.378   9.448 3.68e-16 3.06e-16 1.92e-16 32.23 -243.71
F06958  22.386   9.579 3.04e-16 2.00e-16 1.44e-16 36.05 -243.67
F06942  22.395   8.482 3.57e-16 2.74e-16 1.33e-16 38.90 -243.68
F06931  22.397   9.311 3.58e-16 3.28e-16 1.68e-16 69.23 -243.65
F06932  22.424   9.060 5.35e-16 2.70e-16 2.06e-16 31.90 -243.67
F06945  22.451   9.372 4.96e-16 2.78e-16 1.83e-16 36.27 -243.60
F06934  22.497   9.252 3.75e-16 3.19e-16 1.87e-16 49.64 -243.65
F06943  22.498   9.440 2.74e-16 2.17e-16 1.35e-16 31.71 -243.94
F06959  22.512   9.779 3.85e-16 3.02e-16 1.71e-16 32.20 -243.66
F06954  22.515   9.379 2.80e-16 1.75e-16 1.23e-16 32.73 -243.70
F06961  22.519   9.187 2.91e-16 1.88e-16 1.43e-16 61.90 -243.58
F06946  22.539   9.678 3.99e-16 2.48e-16 1.37e-16 61.27 -243.76
F06953  22.671   9.307 3.78e-16 2.30e-16 1.29e-16 46.96 -243.52
F06948  22.698   9.482 5.65e-16 2.92e-16 2.30e-16 48.84 -243.62
F06967  22.733   9.205 3.17e-16 2.25e-16 1.56e-16 59.59 -243.57
F06965  22.997   9.528 3.49e-16 2.89e-16 1.42e-16 29.61 -243.75
F06933  23.312   9.473 2.65e-16 1.39e-16 9.87e-17 55.24 -243.73
F08064  23.579   0.432 4.96e-16 3.75e-16 3.07e-16 47.36 -191.91
F06944  23.599  10.477 2.77e-16 1.56e-16 1.25e-16 44.65 -243.69
F08073  24.553   0.028 5.15e-16 4.14e-16 3.12e-16 64.75 -192.19
F08085  24.712   1.564 6.47e-16 4.91e-16 2.87e-16 78.90 -191.89
F08091  24.889   0.285 5.97e-16 3.66e-16 2.26e-16 52.96 -192.05
F08062  25.297   0.173 6.22e-16 3.79e-16 2.91e-16 38.11 -192.12
