name x y flux1 flux2 flux3 par rv
P10111 -44.775  38.550 6.76e-17 6.91e-17 5.68e-17   0.002   -0.82
P05285 -44.685  42.164 1.65e-13 9.83e-14 4.91e-14   0.012   -1.98
P03254 -44.482  44.682 1.35e-17 1.73e-17 1.71e-17   0.003    0.04
P08729 -44.407  42.863 1.15e-17 7.97e-18 4.99e-18   0.000   -4.00
P05318 -44.170  42.757 1.06e-17 7.86e-18 4.82e-18  -0.001   -3.87
P06762 -44.213  42.954 1.19e-14 6.31e-15 2.83e-15   0.001   -3.82
P06615 -44.071  41.931 3.07e-16 1.62e-16 7.84e-17   0.000   -2.85
P02629 -44.050  40.812 2.61e-14 1.59e-14 8.13e-15  -0.000   -2.11
P09917 -43.944  41.944 2.05e-14 1.13e-14 5.58e-15  -0.001   -2.90
P06855 -43.863  42.243 2.11e-14 1.15e-14 5.76e-15   0.000   -3.31
P07082 -43.854  43.130 6.44e-16 3.31e-16 1.48e-16  -0.000   -3.75
P07807 -43.738  42.713 5.26e-17 3.27e-17 1.72e-17  -0.000   -3.81
P08838 -43.540  42.113 2.68e-16 1.43e-16 6.94e-17   0.001   -3.23
P05548 -43.571  42.756 1.14e-15 3.68e-15 7.73e-15   0.000   -3.78
P03148 -43.573  43.305 1.05e-17 7.66e-18 4.67e-18   0.002   -3.70
P03394 -43.597  41.451 2.69e-16 1.46e-16 6.90e-17   0.001   -2.18
P08440 -43.621  42.795 9.65e-17 5.66e-17 2.90e-17   0.002   -3.67
P03591 -43.513  42.009 9.45e-16 4.66e-16 2.09e-16   0.000   -3.27
P03749 -43.531  42.296 2.43e-14 1.48e-14 7.77e-15  -0.000   -3.58
P08858 -43.515  42.378 2.50e-16 1.32e-16 6.81e-17  -0.000   -3.59
P03014 -43.433  42.068 4.74e-16 2.56e-16 1.20e-16  -0.000   -3.28
P02244 -43.356  42.328 3.49e-16 1.83e-16 8.65e-17   0.001   -3.52
P03449 -43.370  41.865 2.72e-17 1.81e-17 1.06e-17  -0.000   -2.65
P09710 -43.494  41.983 1.43e-17 9.93e-18 5.84e-18  -0.001   -2.73
P03285 -43.336  42.378 5.83e-16 2.95e-16 1.38e-16   0.001   -3.52
P09535 -43.302  41.990 1.25e-16 7.04e-17 3.60e-17   0.001   -3.18
P08302 -43.248  42.060 2.18e-14 1.19e-14 6.04e-15   0.001   -3.13
P08566 -43.349  42.061 6.23e-16 3.21e-16 1.42e-16  -0.001   -3.08
P00942 -43.327  41.914 6.27e-16 3.34e-16 1.52e-16   0.000   -2.45
P00271 -43.245  41.848 6.80e-17 4.11e-17 2.14e-17   0.001   -2.47
P10442 -43.303  41.788 1.28e-14 6.38e-15 3.02e-15  -0.001   -2.62
P03097 -43.265  41.436 7.34e-16 2.72e-15 6.43e-15   0.001   -1.67
P01478 -43.200  42.014 7.68e-16 4.12e-16 1.77e-16   0.002   -3.06
P09092 -43.277  41.745 1.01e-16 5.91e-17 2.98e-17   0.001   -2.35
P01877 -43.240  41.775 1.56e-16 8.87e-17 4.37e-17   0.002   -1.96
P04732 -43.294  41.884 1.84e-17 1.29e-17 7.78e-18   0.001   -2.58
P03072 -43.203  41.753 6.58e-16 3.36e-16 1.53e-16  -0.000   -2.12
P08620 -43.309  41.350 4.27e-16 2.25e-16 1.06e-16  -0.001   -1.60
P07433 -43.231  42.101 2.35e-16 1.30e-16 6.19e-17  -0.001   -3.03
P08342 -43.072  41.843 4.29e-17 2.77e-17 1.45e-17   0.001   -2.01
P04597 -43.236  41.992 2.59e-14 2.32e-14 1.72e-14  -0.001   -2.47
P04084 -43.036  41.973 5.73e-16 2.96e-16 1.36e-16   0.000   -2.32
P00812 -43.159  41.799 8.58e-16 4.24e-16 1.92e-16   0.001   -1.95
P05428 -43.058  41.831 2.78e-17 1.88e-17 1.07e-17   0.003   -2.09
P04832 -43.060  42.167 1.42e-17 9.72e-18 6.22e-18   0.001   -2.74
P10373 -43.150  42.397 4.94e-16 2.50e-16 1.16e-16  -0.001   -3.10
P06443 -43.057  42.079 1.21e-16 7.14e-17 3.48e-17   0.001   -2.36
P10375 -43.134  41.544 2.13e-16 1.19e-16 5.68e-17   0.000   -1.54
P02080 -43.162  41.815 6.95e-17 4.06e-17 2.13e-17   0.001   -1.66
P02535 -43.113  41.894 5.37e-16 2.75e-16 1.25e-16   0.001   -2.48
P03713 -43.000  41.788 2.81e-17 1.86e-17 1.04e-17   0.000   -1.78
P10010 -42.923  42.206 6.23e-17 3.93e-17 2.01e-17   0.000   -2.58
P04937 -43.069  41.711 1.86e-16 1.04e-16 5.15e-17  -0.000   -1.44
P07027 -42.889  41.783 1.07e-17 8.15e-18 5.02e-18   0.003   -1.87
P07861 -42.922  42.634 6.21e-17 3.70e-17 2.04e-17  -0.001   -2.91
P05311 -42.832  42.910 6.05e-16 3.15e-16 1.43e-16   0.001   -3.06
P02118 -42.865  42.548 1.76e-16 9.96e-17 4.85e-17   0.000   -2.98
P03976 -42.892  40.138 2.38e-14 2.31e-14 1.84e-14   0.001   -1.13
P00297 -42.853  42.117 4.58e-17 2.85e-17 1.57e-17  -0.001   -2.24
P07734 -42.740  41.455 7.29e-16 3.73e-16 1.66e-16   0.000   -1.14
P09250 -42.814  41.289 2.73e-17 1.82e-17 1.04e-17  -0.000   -1.02
P03444 -42.878  42.005 3.38e-17 2.18e-17 1.25e-17   0.000   -2.19
P07167 -42.688  41.526 3.38e-16 1.79e-16 8.47e-17  -0.001   -1.39
P04601 -42.688  40.670 2.04e-16 1.11e-16 5.31e-17   0.001   -0.99
P04862 -42.652  42.040 2.39e-14 1.43e-14 7.49e-15   0.000   -2.14
P09345 -42.544  41.219 5.33e-14 2.74e-14 1.26e-14   0.002   -0.10
P06890 -42.429  41.349 2.17e-16 1.25e-16 6.01e-17  -0.001   -1.01
P10040 -42.455  42.142 1.98e-14 2.07e-14 1.73e-14   0.001   -2.23
P00264 -42.245  42.312 6.24e-17 3.78e-17 2.06e-17   0.001   -2.36
P08917 -41.894  39.699 4.35e-16 3.50e-16 2.24e-16   0.002   -0.41
P04525 -41.561  41.514 1.18e-14 6.12e-15 2.83e-15  -0.001   -1.52
P03835 -40.879  38.466 8.59e-15 5.01e-15 2.57e-15   0.001   -0.57
P07440 -30.152  39.550 1.67e-14 1.24e-14 7.94e-15   0.014   -1.62
