name x y flux1 flux2 flux3 par rv
P00794  15.199 -30.668 2.09e-17 1.82e-17 9.65e-18   0.002    2.50
P02678  26.458 -32.229 1.10e-13 7.88e-14 4.49e-14   0.002    3.53
P00020  27.992 -31.415 1.53e-17 1.20e-17 8.33e-18   0.002    2.96
P10060  28.357 -34.288 1.50e-15 7.60e-16 3.91e-16   0.000    2.95
P06647  28.398 -32.005 2.92e-15 1.56e-15 6.42e-16   0.001    3.22
P01062  28.511 -33.896 6.66e-17 3.83e-17 2.12e-17   0.001    3.12
P04713  28.959 -34.036 2.92e-15 1.79e-15 6.67e-16  -0.001    2.84
P01594  28.759 -31.566 1.45e-16 9.68e-17 5.20e-17   0.001    2.54
P07318  29.157 -31.905 4.15e-15 1.73e-15 8.28e-16  -0.001    2.92
P04612  29.178 -32.289 7.66e-16 4.40e-16 2.42e-16  -0.000    3.16
P10065  29.463 -32.860 1.34e-16 8.25e-17 4.20e-17   0.001    3.10
P01284  29.199 -32.223 4.23e-17 3.41e-17 1.62e-17   0.001    3.08
P08678  29.525 -32.654 1.36e-16 9.58e-17 4.09e-17  -0.001    3.07
P00142  29.560 -31.495 1.44e-15 7.39e-16 3.84e-16   0.000    1.80
P08914  29.392 -31.494 1.14e-16 6.49e-17 5.35e-17  -0.001    1.81
P06885  29.491 -32.082 1.15e-15 6.53e-16 2.82e-16  -0.001    2.81
P01672  29.600 -31.239 4.86e-17 3.95e-17 2.18e-17  -0.000    1.52
P00864  29.613 -32.558 2.20e-17 1.56e-17 1.24e-17   0.002    2.95
P05168  29.871 -31.312 2.59e-17 1.63e-17 1.26e-17   0.000    1.36
P06112  29.738 -32.543 8.24e-17 6.50e-17 3.11e-17  -0.002    2.82
P01120  29.765 -33.281 1.49e-16 1.00e-16 5.04e-17  -0.000    2.45
P05165  29.764 -32.119 1.37e-16 9.09e-17 4.82e-17   0.000    2.72
P04929  29.917 -32.192 5.64e-17 4.32e-17 2.27e-17   0.000    2.59
P05773  29.739 -31.656 6.33e-16 3.36e-16 1.80e-16  -0.001    1.45
P06648  29.986 -32.821 1.09e-13 8.18e-14 4.99e-14   0.001    2.45
P02002  29.948 -31.723 4.80e-17 4.01e-17 1.93e-17   0.000    1.39
