name x y flux1 flux2 flux3 par rv
P04778 -26.245 -15.869 1.48e-15 8.41e-16 3.47e-16   0.001    0.48
P00976 -25.623 -16.579 8.31e-14 6.59e-14 3.99e-14  -0.000    0.15
P05842 -25.570 -16.176 2.48e-16 1.41e-16 7.47e-17   0.000    0.76
P01332 -25.622 -16.543 9.32e-14 6.62e-14 5.18e-14   0.002    0.79
P03844 -25.300 -16.415 4.95e-17 3.22e-17 2.14e-17   0.001    0.79
P10022 -24.589 -16.550 1.11e-17 8.30e-18 5.98e-18   0.001    0.39
P05408 -24.445 -16.341 6.40e-17 4.28e-17 2.66e-17  -0.001    0.59
P02674 -24.020 -16.646 5.50e-14 3.22e-14 1.46e-14   0.001    0.42
P01013 -24.187 -16.702 5.29e-14 2.97e-14 1.41e-14   0.001   -0.66
P10148 -24.028 -16.579 1.89e-17 1.66e-17 1.08e-17   0.001    0.10
P05127 -23.918 -16.558 2.74e-16 1.94e-16 8.33e-17   0.001    0.20
P10048 -23.870 -16.212 3.15e-17 2.04e-17 1.57e-17   0.001   -1.17
P09801 -23.627 -16.903 8.17e-14 7.08e-14 5.63e-14  -0.001   -0.19
P02312 -23.874 -16.439 1.32e-15 5.93e-16 3.05e-16  -0.001   -0.13
P04158 -23.739 -16.400 2.49e-15 1.34e-15 6.99e-16  -0.001    0.17
P07991 -23.468 -16.728 3.08e-15 1.43e-15 6.13e-16   0.001   -0.03
P05734 -23.606 -16.405 1.47e-17 1.18e-17 9.11e-18  -0.001   -0.62
P00557 -23.543 -16.687 1.14e-17 9.61e-18 6.13e-18  -0.000   -0.20
P09193 -23.422 -16.533 8.45e-16 4.24e-16 2.07e-16  -0.000   -0.05
P09556 -23.543 -16.382 2.09e-16 9.91e-17 5.67e-17   0.000   -0.12
P01106 -23.401 -16.452 1.21e-16 7.80e-17 4.43e-17   0.001   -0.30
P06087 -23.539 -16.060 6.98e-17 4.62e-17 3.08e-17  -0.000   -1.50
P01079 -23.506 -16.541 2.48e-15 1.07e-15 4.25e-16  -0.002   -0.10
P02853 -23.554 -16.651 3.70e-15 1.96e-15 9.08e-16   0.000   -0.61
P09588 -23.519 -16.339 1.11e-16 6.78e-17 3.23e-17   0.000   -0.75
P05799 -23.352 -16.427 2.04e-17 1.74e-17 1.16e-17   0.000   -0.39
P07269 -23.324 -16.490 7.21e-16 4.72e-16 2.34e-16  -0.001   -0.48
P00237 -23.250 -16.672 4.13e-16 2.60e-16 1.14e-16   0.001   -0.55
P10248 -23.322 -16.811 1.32e-15 6.68e-16 2.93e-16  -0.001   -1.24
P06343 -23.307 -16.806 8.30e-16 4.31e-16 2.40e-16   0.002   -1.85
P00590 -23.245 -16.214 5.19e-14 2.39e-14 1.46e-14   0.002   -1.57
P05287 -23.219 -16.523 5.35e-14 3.05e-14 1.29e-14  -0.000   -1.62
P03745 -23.335 -16.151 7.97e-16 5.15e-16 2.41e-16  -0.001   -0.64
P05643 -23.353 -16.749 4.88e-15 2.37e-15 1.03e-15   0.001   -1.42
P02607 -23.205 -16.582 7.85e-17 5.01e-17 3.03e-17  -0.001   -1.20
P03603 -23.230 -16.574 7.83e-16 4.18e-16 2.00e-16  -0.002   -1.93
P08973 -23.185 -16.518 1.00e-15 5.86e-16 3.28e-16   0.001   -1.07
P02917 -23.114 -16.595 1.56e-16 1.07e-16 4.58e-17   0.002   -1.63
P09996 -23.259 -16.653 1.55e-15 8.41e-16 3.37e-16   0.002   -1.18
P02560 -23.209 -16.793 4.04e-15 1.05e-14 2.25e-14   0.000   -2.07
P01567 -23.120 -16.621 4.13e-16 2.24e-16 9.93e-17   0.002   -1.78
P08624 -23.201 -16.561 5.25e-17 4.61e-17 2.39e-17   0.001   -1.32
P10047 -23.155 -16.750 1.06e-16 7.39e-17 3.89e-17   0.001   -1.63
P08364 -23.082 -16.757 8.46e-14 7.58e-14 6.28e-14   0.001   -2.12
P05943 -23.144 -16.537 8.84e-15 2.24e-14 3.80e-14  -0.000   -1.77
P07756 -22.979 -16.798 5.46e-16 3.08e-16 1.60e-16  -0.000   -1.94
P07140 -23.142 -16.520 6.19e-17 4.03e-17 2.65e-17  -0.001   -1.86
P05361 -23.131 -16.558 1.09e-17 9.96e-18 6.32e-18  -0.001   -1.68
P04156 -23.181 -16.569 3.69e-17 2.68e-17 1.47e-17   0.000   -2.09
P08061 -23.204 -16.714 3.59e-15 2.09e-15 1.08e-15   0.001   -2.71
P07106 -23.138 -16.536 1.20e-13 7.34e-14 3.71e-14   0.001   -2.17
P00526 -23.052 -16.815 3.01e-16 1.62e-16 8.12e-17   0.000   -2.49
P02490 -22.966 -16.877 4.10e-14 2.20e-14 9.71e-15   0.001   -3.29
P03909 -23.046 -16.459 5.39e-16 3.36e-16 1.81e-16   0.001   -2.41
P05977 -23.013 -16.714 3.79e-16 2.10e-16 1.24e-16   0.002   -3.03
P03224 -23.273 -16.664 1.37e-15 7.15e-16 3.46e-16   0.001   -3.19
P06023 -22.904 -16.659 2.28e-17 1.48e-17 1.06e-17   0.002   -3.23
P10118 -22.931 -16.672 4.54e-15 2.29e-15 9.05e-16  -0.002   -2.77
P03747 -22.942 -16.487 6.34e-17 4.18e-17 2.27e-17   0.002   -3.25
P08018 -22.892 -16.556 5.78e-14 3.16e-14 1.97e-14  -0.002   -3.02
P03180 -22.919 -16.454 1.59e-16 8.57e-17 4.82e-17   0.001   -2.70
P05273 -23.016 -16.581 2.96e-15 1.42e-15 5.52e-16   0.002   -3.55
P01299 -22.906 -16.675 7.59e-17 6.58e-17 3.21e-17  -0.001   -3.27
P05550 -22.964 -16.583 2.00e-15 8.74e-16 4.61e-16   0.000   -3.68
P06710 -23.002 -16.692 5.88e-15 2.50e-15 1.01e-15  -0.000   -3.63
P09055 -22.977 -16.657 4.08e-16 2.31e-16 9.81e-17  -0.000   -3.60
P00250 -22.939 -16.609 1.46e-16 1.01e-16 5.35e-17   0.000   -3.87
P09993 -22.902 -16.595 1.59e-16 9.75e-17 5.25e-17   0.001   -3.56
P04854 -22.970 -16.517 4.10e-17 3.31e-17 1.73e-17   0.001   -3.46
P08955 -22.838 -16.571 7.17e-17 5.16e-17 3.07e-17   0.001   -3.93
P10003 -22.898 -16.464 1.15e-15 6.04e-16 2.50e-16   0.001   -2.99
P09238 -22.871 -16.537 6.48e-14 6.46e-14 5.57e-14   0.000   -3.95
P04185 -22.877 -16.709 1.14e-15 5.61e-16 2.76e-16   0.001   -3.73
P02712 -22.731 -16.539 4.08e-17 3.12e-17 2.44e-17   0.001   -3.16
P06590 -22.795 -16.726 1.42e-15 7.34e-16 3.13e-16   0.001   -3.88
P04745 -22.770 -16.954 2.94e-16 1.76e-16 1.11e-16  -0.002   -2.86
P09342 -22.741 -16.508 6.48e-14 3.31e-14 2.02e-14  -0.001   -3.08
P08004 -22.621 -16.590 1.34e-17 1.24e-17 7.97e-18   0.002   -3.48
P04338 -22.689 -16.573 7.04e-17 5.42e-17 3.06e-17  -0.000   -3.77
P07119 -22.583 -16.682 2.08e-15 9.95e-16 5.09e-16   0.001   -4.65
P04096 -22.564 -16.533 5.71e-14 7.47e-14 6.54e-14  -0.001   -4.22
P03613 -22.516 -16.611 7.12e-16 3.39e-16 1.76e-16  -0.000   -4.27
P02226 -22.573 -16.784 5.98e-14 3.34e-14 1.41e-14  -0.000   -4.74
P08890 -22.550 -16.951 1.08e-15 5.36e-16 2.65e-16   0.001   -3.47
P00158 -22.546 -16.619 3.43e-14 1.55e-14 7.08e-15   0.001   -4.79
P00511 -22.388 -16.996 4.95e-15 2.17e-15 1.01e-15   0.001   -3.73
P07936 -22.437 -16.711 1.56e-16 9.65e-17 5.50e-17   0.000   -4.91
P08245 -22.310 -16.795 8.28e-16 4.34e-16 2.15e-16  -0.001   -5.03
P08110 -22.291 -16.815 8.79e-14 6.60e-14 4.87e-14   0.001   -4.90
P08341 -22.296 -16.628 2.15e-16 1.37e-16 7.11e-17   0.000   -4.81
P08984 -22.125 -16.924 4.38e-14 2.31e-14 9.88e-15  -0.000   -5.30
P00924 -21.672 -16.787 4.03e-14 2.07e-14 8.97e-15   0.001   -5.45
P08891 -21.469 -16.391 1.23e-16 7.99e-17 4.76e-17  -0.000   -4.77
P09324 -21.342 -16.679 2.06e-15 7.22e-15 1.75e-14   0.001   -4.95
P01246 -20.706 -17.248 8.98e-14 5.28e-14 3.24e-14   0.001   -5.16
P03116 -20.333 -17.402 3.39e-16 2.27e-16 1.16e-16   0.001   -5.24
P04820 -18.618 -17.486 1.33e-13 6.55e-14 3.41e-14   0.006    0.06
P02111 -16.392 -25.585 3.68e-14 1.86e-14 1.08e-14   0.004    0.50
