name x y flux0 flux1 flux2 width rv
F08819  35.386   6.969 7.00e-17 4.13e-17 2.93e-17 34.58 -500.08
F08806  35.415   7.374 8.35e-17 5.68e-17 4.01e-17 30.06 -500.00
F08821  35.456   7.402 7.38e-17 6.23e-17 3.56e-17 30.11 -500.13
F08810  35.568   7.493 8.15e-17 4.76e-17 2.67e-17 20.63 -500.14
F08798  35.576   7.592 5.19e-17 3.23e-17 2.57e-17 30.13 -500.12
F08796  35.626   7.353 8.66e-17 7.48e-17 3.92e-17 31.36 -500.07
F08794  35.635   7.531 6.98e-17 4.66e-17 3.53e-17 23.35 -500.20
F08807  35.635   7.518 8.27e-17 4.71e-17 2.72e-17 28.34 -500.19
F08820  35.656   7.758 8.41e-17 5.31e-17 3.03e-17 20.89 -500.24
F08804  35.667   7.448 5.14e-17 2.60e-17 2.35e-17 25.50 -500.09
F08805  35.684   7.342 8.92e-17 6.49e-17 4.10e-17 16.28 -500.23
F08788  35.719   7.576 6.33e-17 4.24e-17 2.70e-17 10.49 -500.21
F08816  35.724   7.608 5.83e-17 4.22e-17 2.79e-17 21.71 -499.91
F08813  35.725   7.565 8.28e-17 4.37e-17 2.90e-17 19.33 -500.28
F08809  35.726   7.539 8.18e-17 8.66e-17 3.47e-17 32.55 -500.01
F08817  35.727   7.590 6.44e-17 6.04e-17 3.29e-17 17.22 -499.94
F08801  35.732   7.554 7.97e-17 5.51e-17 4.45e-17 24.85 -500.02
F08791  35.733   7.584 5.00e-17 2.80e-17 2.24e-17 34.59 -499.95
F08811  35.744   7.577 8.42e-17 4.98e-17 3.15e-17 36.33 -500.15
F08797  35.747   7.608 9.12e-17 5.86e-17 4.43e-17 20.59 -500.04
F08814  35.747   7.566 1.05e-16 5.98e-17 3.42e-17 21.86 -500.21
F08789  35.750   7.532 9.48e-17 5.31e-17 3.54e-17 25.41 -500.19
F08802  35.752   7.580 6.19e-17 7.18e-17 3.79e-17 21.20 -500.20
F08793  35.755   7.563 5.55e-17 4.03e-17 3.16e-17 23.85 -500.13
F08808  35.761   7.630 4.83e-17 4.24e-17 2.08e-17 23.68 -500.07
F08790  35.770   7.537 8.56e-17 5.58e-17 4.51e-17 25.76 -500.25
F08799  35.791   7.583 6.19e-17 3.55e-17 3.30e-17 25.02 -500.17
F08800  35.827   7.761 5.57e-17 4.30e-17 2.86e-17 19.01 -500.01
F08792  35.848   7.764 9.21e-17 5.82e-17 4.06e-17 23.43 -499.96
F08812  35.866   7.674 7.34e-17 6.30e-17 3.90e-17 29.26 -499.93
F08818  35.886   7.750 6.42e-17 3.82e-17 2.36e-17 18.71 -499.86
F08803  36.009   8.439 7.62e-17 5.75e-17 2.97e-17 17.52 -500.08
F08815  36.214   8.137 7.75e-17 7.50e-17 3.58e-17 33.89 -500.00
F08795  36.237   6.856 1.04e-16 8.61e-17 4.45e-17 29.06 -500.05
