name x y flux0 flux1 flux2 width rv
F00041 -44.942  -0.841 2.33e-16 1.60e-16 1.40e-16 31.17 -308.60
F10542 -44.183 -12.853 3.33e-17 2.29e-17 1.58e-17 17.89 -732.57
F10533 -43.927 -12.703 4.34e-17 3.58e-17 2.18e-17 12.64 -732.48
F10541 -43.914 -13.035 3.44e-17 2.20e-17 2.05e-17 16.23 -732.55
F10540 -43.908 -13.201 2.47e-17 1.72e-17 1.23e-17 14.95 -732.54
F10531 -43.888 -12.981 3.00e-17 2.09e-17 1.37e-17 18.65 -732.72
F10544 -43.865 -12.810 3.59e-17 2.89e-17 1.92e-17  8.59 -732.64
F10543 -43.832 -12.604 4.25e-17 3.48e-17 2.37e-17 13.73 -732.66
F10534 -43.827 -12.666 5.27e-17 2.96e-17 1.94e-17 12.32 -732.62
F10526 -43.822 -12.970 3.97e-17 2.93e-17 1.88e-17 19.17 -732.81
F10530 -43.812 -12.596 2.72e-17 2.77e-17 1.66e-17 15.94 -732.88
F10528 -43.811 -12.788 2.72e-17 2.22e-17 1.07e-17 16.55 -732.63
F10538 -43.802 -12.829 5.67e-17 2.98e-17 1.87e-17  8.88 -732.59
F10545 -43.793 -12.945 2.25e-17 1.95e-17 9.35e-18 17.67 -732.87
F10535 -43.787 -12.809 3.19e-17 2.23e-17 1.22e-17 15.97 -732.53
F10536 -43.776 -12.722 3.82e-17 3.35e-17 2.03e-17 15.09 -732.77
F10537 -43.760 -12.846 4.20e-17 2.98e-17 1.82e-17 16.68 -732.72
F10527 -43.721 -12.517 3.74e-17 2.64e-17 1.92e-17 17.84 -732.68
F10525 -43.716 -12.853 2.57e-17 1.70e-17 1.01e-17  9.80 -732.72
F10539 -43.706 -12.771 4.40e-17 4.30e-17 2.39e-17 17.81 -732.59
F10532 -43.697 -12.786 4.34e-17 2.19e-17 1.65e-17 14.79 -732.75
F10529 -43.688 -12.756 4.32e-17 2.69e-17 1.76e-17 14.40 -732.57
F01043 -38.865  -8.524 7.94e-17 4.78e-17 4.23e-17 10.85 -525.93
F01062 -38.792  -8.222 7.65e-17 5.22e-17 3.24e-17 29.31 -526.02
F01071 -38.684  -8.526 6.20e-17 4.20e-17 2.92e-17 29.35 -525.79
F01051 -38.540  -9.020 7.37e-17 5.31e-17 3.47e-17 24.01 -525.87
F01034 -38.497  -8.006 9.30e-17 6.63e-17 3.50e-17 36.15 -525.97
F01038 -38.489  -8.611 6.11e-17 4.05e-17 2.72e-17 28.07 -525.72
F01063 -38.435  -8.724 8.20e-17 4.31e-17 3.05e-17 10.92 -526.04
F01052 -38.368  -8.512 5.99e-17 3.64e-17 2.59e-17 19.94 -525.97
F01059 -38.367  -8.513 8.29e-17 5.69e-17 3.03e-17 19.16 -525.69
F01047 -38.352  -8.653 5.62e-17 6.71e-17 3.78e-17 21.22 -526.02
F01067 -38.313  -8.592 8.32e-17 5.98e-17 3.34e-17 18.14 -525.83
F01036 -38.284  -8.700 7.25e-17 3.90e-17 3.48e-17 15.92 -525.89
F01035 -38.259  -8.623 6.86e-17 3.95e-17 3.25e-17 20.55 -526.01
F01064 -38.247  -8.568 7.65e-17 4.68e-17 3.57e-17 20.89 -525.97
F01072 -38.240  -8.433 6.34e-17 4.39e-17 3.35e-17 25.26 -525.97
F01060 -38.228  -8.621 5.47e-17 3.88e-17 2.51e-17 23.90 -526.00
F01053 -38.227  -8.561 7.61e-17 6.08e-17 3.56e-17 36.25 -525.91
F01070 -38.224  -8.379 8.54e-17 4.54e-17 2.78e-17 17.67 -525.94
F01061 -38.223  -8.646 6.70e-17 5.70e-17 3.36e-17 20.11 -525.71
F01044 -38.206  -8.569 8.48e-17 4.85e-17 4.80e-17 28.85 -525.92
F01066 -38.199  -8.572 5.75e-17 4.65e-17 3.51e-17 30.44 -526.05
F01039 -38.179  -8.896 5.53e-17 4.78e-17 3.05e-17 25.38 -525.98
F01040 -38.164  -8.648 7.63e-17 5.33e-17 3.16e-17 16.33 -526.31
F01045 -38.162  -8.526 1.10e-16 6.52e-17 3.93e-17 27.45 -525.96
F01069 -38.162  -8.566 7.38e-17 5.22e-17 3.16e-17 20.11 -526.04
F01057 -38.160  -8.475 7.31e-17 4.53e-17 3.48e-17 14.38 -525.78
F01054 -38.157  -8.516 7.63e-17 5.39e-17 4.02e-17 31.28 -526.04
F01041 -38.157  -8.452 6.81e-17 4.76e-17 3.28e-17 28.33 -525.84
F01068 -38.134  -8.713 5.41e-17 5.26e-17 3.16e-17 23.54 -526.01
F01065 -38.131  -8.516 6.48e-17 4.01e-17 2.45e-17 18.85 -525.85
F01058 -38.130  -8.520 9.54e-17 7.75e-17 4.22e-17 27.59 -525.80
F01042 -38.129  -8.479 7.62e-17 4.49e-17 3.31e-17 12.95 -525.92
F01056 -38.118  -8.517 7.52e-17 5.00e-17 3.37e-17 22.50 -525.93
F01049 -38.085  -8.197 7.37e-17 5.86e-17 3.11e-17 26.02 -526.05
F01037 -38.072  -8.865 9.27e-17 5.27e-17 3.81e-17 24.43 -526.04
F01050 -37.973  -8.350 6.35e-17 4.92e-17 3.29e-17 10.04 -526.01
F01046 -37.917  -8.583 7.43e-17 5.27e-17 2.93e-17 20.19 -525.91
F01055 -37.879  -8.717 8.63e-17 7.81e-17 3.86e-17 22.61 -525.81
F01048 -37.778  -8.440 5.64e-17 3.33e-17 3.06e-17 14.59 -525.84
F03194 -31.199  -9.676 1.15e-16 7.54e-17 3.86e-17 17.47 -443.62
F06590 -31.097 -14.910 1.72e-17 1.20e-17 7.79e-18 10.51 -1055.28
F06598 -30.879 -14.555 1.94e-17 1.34e-17 9.17e-18  9.76 -1055.35
F06589 -30.860 -14.593 1.26e-17 1.10e-17 6.86e-18  8.99 -1055.24
F06603 -30.858 -14.600 2.05e-17 1.09e-17 9.38e-18  7.69 -1055.30
F06607 -30.847 -14.671 2.30e-17 1.40e-17 8.53e-18 14.99 -1055.27
F06608 -30.825 -14.622 1.91e-17 1.37e-17 7.42e-18 10.07 -1055.12
F06604 -30.818 -14.662 1.91e-17 1.24e-17 6.55e-18 10.72 -1055.11
F06605 -30.816 -14.651 1.79e-17 1.33e-17 7.40e-18  7.53 -1055.30
F06587 -30.810 -14.649 2.10e-17 1.60e-17 9.55e-18  9.08 -1055.31
F06597 -30.807 -14.651 1.63e-17 1.10e-17 7.36e-18  8.86 -1055.22
F06606 -30.789 -14.623 1.39e-17 1.15e-17 7.68e-18 10.37 -1055.26
F06602 -30.788 -14.347 1.40e-17 1.21e-17 6.03e-18  7.01 -1055.11
F06591 -30.771 -14.677 1.35e-17 1.38e-17 8.98e-18 12.93 -1055.22
F06612 -30.751 -14.662 1.68e-17 1.37e-17 8.12e-18  8.35 -1055.28
F06593 -30.746 -14.557 1.72e-17 1.11e-17 8.14e-18  8.38 -1055.13
F06599 -30.722 -14.556 1.72e-17 1.50e-17 7.70e-18  8.60 -1055.16
F06600 -30.701 -14.639 2.00e-17 1.84e-17 1.09e-17  9.52 -1055.15
F06610 -30.660 -14.500 1.41e-17 1.10e-17 8.62e-18 13.16 -1055.29
F06592 -30.498 -14.545 1.44e-17 1.33e-17 8.01e-18 10.68 -1055.28
