name x y flux1 flux2 flux3 par rv
P00373 -44.677  -8.707 4.20e-15 2.38e-15 1.06e-15   0.001   -4.51
P07142 -44.732  -7.187 1.93e-14 1.01e-14 4.73e-15   0.001   -3.86
P05660 -44.472  -8.233 7.79e-16 5.12e-16 2.74e-16   0.003   -4.44
P02621 -44.447  -6.094 2.15e-17 2.06e-17 1.30e-17   0.002   -2.90
P01863 -44.487  -6.048 1.68e-16 1.16e-16 7.62e-17   0.001   -3.28
P00447 -44.340  -8.718 3.98e-17 3.02e-17 2.48e-17   0.001   -4.37
P04967 -44.128  -7.323 9.86e-17 7.54e-17 4.62e-17   0.002   -4.13
P07661 -44.201  -8.374 8.00e-17 5.97e-17 4.07e-17   0.002   -4.25
P05804 -44.093  -6.049 9.07e-15 4.35e-15 2.04e-15   0.000   -2.96
P01058 -43.882  -6.036 9.32e-17 7.89e-17 5.50e-17   0.001   -3.29
P03401 -43.964  -4.127 2.69e-15 1.45e-15 8.10e-16   0.001   -1.37
P03917 -43.760  -8.053 4.88e-16 3.16e-16 2.00e-16   0.002   -3.91
P06153 -43.865  -6.302 1.24e-15 7.04e-16 4.04e-16   0.002   -3.54
P04554 -43.889  -5.918 2.14e-15 9.23e-16 5.17e-16   0.002   -2.79
P07658 -43.799  -4.817 2.49e-13 1.36e-13 6.77e-14   0.001   -1.67
P00982 -43.772 -14.265 1.07e-14 6.08e-15 3.89e-15   0.002   -1.19
P00757 -43.818  -5.702 3.32e-15 2.07e-15 1.00e-15   0.000   -2.63
P05101 -43.498  -5.764 1.60e-17 1.70e-17 1.20e-17   0.000   -2.84
P10076 -43.576  -5.464 3.51e-16 2.08e-16 1.25e-16   0.001   -2.02
P08543 -43.555  -0.989 2.38e-17 2.35e-17 1.85e-17   0.001   -0.68
P05699 -43.539  -5.131 3.36e-17 2.58e-17 2.12e-17   0.002   -1.62
P01391 -43.524  -5.450 1.15e-17 1.19e-17 9.98e-18   0.001   -2.57
P05725 -43.383  -4.401 1.79e-17 1.93e-17 1.49e-17   0.001   -0.98
P02301 -43.426  -5.829 1.24e-15 8.11e-16 4.65e-16   0.001   -2.95
P08469 -43.326  -5.732 2.21e-13 1.16e-13 5.74e-14   0.000   -2.94
P07332 -43.400  -5.849 1.73e-14 9.51e-15 3.79e-15   0.000   -2.86
P04614 -43.494  -5.759 2.67e-15 1.69e-15 8.62e-16   0.002   -2.91
P05223 -43.333  -5.484 4.32e-17 3.79e-17 2.48e-17  -0.000   -2.19
P01680 -43.457  -6.167 6.62e-16 4.94e-16 2.47e-16   0.003   -3.07
P10015 -43.389  -7.210 5.37e-15 3.16e-15 1.64e-15  -0.000   -3.50
P04135 -43.409  -6.214 7.13e-16 4.69e-16 2.49e-16   0.003   -3.16
P02964 -43.391  -7.894 3.76e-13 2.34e-13 1.17e-13   0.002   -3.69
P09213 -43.315  -5.425 3.37e-16 2.07e-16 1.28e-16   0.000   -1.51
P02997 -43.304  -5.599 6.03e-17 5.28e-17 3.57e-17   0.001   -1.97
P05955 -43.318  -5.333 4.32e-13 2.60e-13 1.09e-13   0.002   -1.44
P04996 -43.239  -5.665 4.52e-17 3.64e-17 2.62e-17   0.002   -1.77
P01088 -43.407  -5.412 2.50e-13 1.23e-13 6.34e-14   0.002   -1.68
P03521 -43.250  -5.432 1.04e-17 5.06e-18 2.10e-18   0.000   -1.44
P09108 -43.366  -5.636 8.74e-15 4.01e-15 1.99e-15   0.001   -2.42
P02751 -43.310  -5.411 2.24e-16 1.82e-16 1.05e-16  -0.001   -1.35
P03957 -43.209  -5.308 1.02e-15 5.84e-16 3.28e-16  -0.001   -1.06
P08605 -43.346  -5.793 2.20e-15 1.21e-15 5.79e-16   0.002   -2.64
P03173 -43.143  -5.574 3.05e-16 2.14e-16 1.37e-16   0.001   -1.57
P00433 -43.198  -5.632 1.02e-16 8.81e-17 5.12e-17   0.003   -1.81
P09891 -43.139  -6.520 5.88e-16 3.42e-16 1.90e-16   0.000   -2.81
P08182 -43.174  -5.311 2.51e-14 1.27e-14 5.32e-15   0.001   -1.06
P03805 -43.252  -5.608 3.49e-15 2.09e-15 9.99e-16   0.001   -1.41
P00800 -43.133  -6.376 4.04e-13 4.06e-13 3.48e-13   0.002   -2.75
P00351 -43.113  -9.034 1.56e-15 9.41e-16 4.24e-16   0.001   -3.28
P01845 -43.095  -3.935 1.41e-14 6.96e-15 2.93e-15  -0.001   -0.21
P09515 -43.053  -3.211 2.22e-13 9.34e-14 4.05e-14  -0.000   -0.12
P06036 -42.986  -4.348 3.02e-17 2.87e-17 1.98e-17   0.001   -0.35
P02882 -42.865  -5.141 8.67e-16 6.16e-15 3.07e-14   0.001   -0.90
P09251 -42.842  -4.821 2.03e-17 1.94e-17 1.40e-17   0.001   -0.46
P05074 -42.748  -4.001 3.17e-13 1.89e-13 9.85e-14   0.002    0.15
P01310 -42.472  -5.214 3.23e-16 2.27e-16 1.36e-16   0.001   -1.02
P02733 -42.524  -7.521 8.66e-16 5.88e-16 2.74e-16   0.001   -2.55
P03527 -42.450 -10.092 9.08e-17 1.23e-16 9.73e-17   0.006   -1.47
P05118 -42.552 -13.294 7.25e-17 3.99e-17 1.52e-17   0.004   -1.42
P09332 -42.383  -3.914 2.38e-17 1.93e-17 1.75e-17   0.003    0.27
P04968 -42.115  -2.016 1.25e-15 8.48e-16 3.99e-16   0.002    0.52
P06427 -41.555  -2.661 1.35e-14 7.21e-15 3.59e-15   0.002    0.48
P01696 -41.167  -5.302 1.78e-13 1.08e-13 4.81e-14   0.001   -1.20
P02923 -41.149  -0.884 2.30e-17 2.12e-17 1.74e-17   0.002    0.77
P06483 -35.498 -11.094 2.65e-16 2.70e-16 1.74e-16   0.005   -2.47
P00352 -34.983  -5.298 6.05e-12 2.98e-12 1.58e-12   0.004   -2.29
P03944 -33.076  -3.618 6.82e-17 6.36e-17 4.94e-17   0.003   -2.73
P01487 -32.127  -5.237 8.41e-17 8.25e-17 5.34e-17   0.002   -2.77
P04983 -31.413  -1.232 1.02e-16 7.60e-17 5.97e-17   0.001   -2.56
P02200 -30.642  -2.519 2.36e-14 1.15e-14 6.97e-15   0.001   -2.68
